0 0.102980 0.421080 0.026883 0.025090
0 0.151365 0.386133 0.048387 0.041219
0 0.102979 0.471260 0.044801 0.039426
0 0.097422 0.530434 0.031398 0.019625
0 0.081330 0.595584 0.041863 0.024855
0 0.123193 0.705471 0.049715 0.051020
0 0.265131 0.736867 0.053637 0.045789
0 0.511500 0.906494 0.034070 0.021449
0 0.502354 0.854131 0.037223 0.018926
0 0.604207 0.970529 0.034133 0.024605
0 0.588436 0.844982 0.026559 0.022082
0 0.463105 0.637867 0.056516 0.037680
0 0.578107 0.590551 0.051699 0.044688
0 0.455438 0.570596 0.049945 0.039910
0 0.389939 0.535174 0.055730 0.061566
0 0.740352 0.575660 0.036023 0.039117
0 0.530615 0.414785 0.068137 0.066875
0 0.316117 0.303498 0.041008 0.032809
0 0.517938 0.322598 0.035727 0.032961
0 0.562795 0.226721 0.032598 0.032098
0 0.884883 0.419439 0.068289 0.075480
0 0.639271 0.256936 0.053496 0.056840
0 0.742795 0.150133 0.069887 0.064891
0 0.704105 0.294896 0.072383 0.059902
0 0.771498 0.294273 0.054910 0.066141
0 0.816422 0.267443 0.067391 0.054910
0 0.845127 0.070887 0.037441 0.026211
