0 0.186053 0.301125 0.042395 0.030281
0 0.187945 0.263271 0.046180 0.034824
0 0.236020 0.327623 0.039367 0.037855
0 0.276900 0.349199 0.033309 0.044664
0 0.359420 0.390838 0.040879 0.043152
0 0.406355 0.288256 0.046937 0.052996
0 0.493418 0.318160 0.031797 0.024984
0 0.480170 0.342764 0.028012 0.022715
0 0.054326 0.458217 0.059051 0.058293
0 0.132303 0.430584 0.052996 0.043910
0 0.108832 0.486605 0.054508 0.056023
0 0.173939 0.494932 0.036340 0.042395
0 0.212172 0.546414 0.064352 0.054508
0 0.267059 0.563447 0.030281 0.034066
0 0.320811 0.576695 0.036340 0.031797
0 0.413549 0.494932 0.031043 0.036340
0 0.604328 0.408250 0.049211 0.053750
0 0.632338 0.366232 0.037098 0.040879
0 0.104443 0.607658 0.052238 0.052238
0 0.711557 0.404047 0.037676 0.034172
0 0.671250 0.383895 0.035047 0.034172
0 0.677604 0.510068 0.030230 0.030668
0 0.312240 0.130666 0.024035 0.019777
0 0.783439 0.174973 0.037676 0.028258
0 0.765385 0.436350 0.039246 0.032965
0 0.786865 0.464289 0.030676 0.035750
0 0.842631 0.486982 0.025129 0.036004
0 0.878977 0.496453 0.030492 0.032070
0 0.907367 0.519848 0.036805 0.026289
0 0.919959 0.562434 0.030543 0.027336
0 0.940988 0.592662 0.034750 0.031020
0 0.795193 0.660014 0.032418 0.032465
0 0.872961 0.686771 0.030070 0.036340
0 0.731152 0.755207 0.040914 0.037508
0 0.804215 0.794207 0.032250 0.034891
0 0.761834 0.892615 0.023973 0.031543
0 0.729027 0.872111 0.029023 0.042270
0 0.686127 0.850977 0.040379 0.051734
0 0.698994 0.974348 0.024863 0.032164
0 0.731871 0.987730 0.035047 0.024539
