0 0.735033 0.654596 0.024301 0.027254
0 0.694531 0.698504 0.026570 0.022711
0 0.480365 0.785002 0.022605 0.026340
0 0.892502 0.548609 0.025816 0.024227
0 0.775951 0.520596 0.028770 0.027254
0 0.881523 0.520598 0.026570 0.024227
0 0.761908 0.650432 0.023543 0.028012
0 0.664807 0.200650 0.028676 0.028676
0 0.786168 0.547473 0.026492 0.023469
0 0.745453 0.293840 0.028672 0.032258
0 0.641537 0.719324 0.023543 0.024984
0 0.641510 0.352084 0.028676 0.030465
0 0.576994 0.379861 0.028676 0.028676
0 0.501725 0.409430 0.025090 0.026883
0 0.806953 0.602738 0.027328 0.024984
0 0.447961 0.430937 0.032258 0.026883
0 0.708158 0.673143 0.023543 0.028012
0 0.361043 0.464986 0.026883 0.030465
0 0.296527 0.492764 0.030469 0.028676
0 0.262479 0.526814 0.019715 0.032262
0 0.602980 0.715883 0.026883 0.026883
0 0.586852 0.740973 0.026883 0.026883
0 0.573408 0.573410 0.025090 0.028672
0 0.416600 0.637926 0.016129 0.028672
0 0.656678 0.692447 0.023543 0.027254
0 0.314449 0.663014 0.044805 0.039426
