0 0.683047 0.318059 0.038266 0.042625
0 0.624723 0.298436 0.052438 0.051348
0 0.704904 0.497393 0.059957 0.072059
0 0.628047 0.463596 0.056687 0.065520
0 0.955037 0.440158 0.037184 0.036082
0 0.024588 0.658191 0.042629 0.044805
0 0.113982 0.700162 0.051348 0.043715
0 0.065523 0.828801 0.071953 0.069883
0 0.280830 0.700162 0.077402 0.078598
0 0.439395 0.714879 0.078602 0.070969
0 0.774674 0.901352 0.053418 0.040336
0 0.680922 0.719838 0.042516 0.039246
0 0.639494 0.623852 0.049059 0.056797
0 0.801928 0.572613 0.083941 0.098227
0 0.905439 0.527371 0.038262 0.042625
0 0.139055 0.645109 0.033906 0.036086
0 0.762684 0.525191 0.070859 0.066609
0 0.249705 0.429258 0.039355 0.040445
0 0.354906 0.434707 0.042625 0.049164
0 0.365809 0.513744 0.073148 0.065520
0 0.216457 0.477223 0.051344 0.042625
0 0.188656 0.538273 0.082961 0.070969
0 0.333650 0.583514 0.072059 0.067699
0 0.574029 0.600412 0.055707 0.053527
0 0.309666 0.648379 0.039355 0.042625
0 0.167943 0.592781 0.039355 0.036086
0 0.079641 0.550266 0.032813 0.038266
0 0.049662 0.603682 0.055707 0.053527
