0 0.658270 0.674809 0.044742 0.045422
0 0.423201 0.511285 0.040957 0.036336
0 0.565906 0.535512 0.053828 0.040883
0 0.551900 0.476082 0.062152 0.059805
0 0.529568 0.409461 0.062910 0.068891
0 0.769934 0.290225 0.062156 0.066621
0 0.899391 0.101717 0.025812 0.030285
0 0.621551 0.075977 0.060641 0.056023
0 0.902078 0.473434 0.056781 0.078734
0 0.755928 0.914797 0.035660 0.028766
0 0.589754 0.814109 0.031875 0.022711
0 0.468625 0.694871 0.054586 0.044664
0 0.746465 0.763764 0.069727 0.058293
0 0.557617 0.221332 0.037094 0.036336
0 0.598498 0.206949 0.031043 0.031797
0 0.702973 0.293639 0.071922 0.064363
0 0.009514 0.405842 0.019027 0.030301
0 0.119621 0.639605 0.051555 0.044664
0 0.097287 0.524910 0.031113 0.039367
0 0.056029 0.657775 0.042473 0.035582
0 0.119621 0.703957 0.059125 0.053750
0 0.264598 0.734994 0.059883 0.059809
0 0.099561 0.866346 0.056855 0.043910
0 0.512535 0.929182 0.028844 0.021199
0 0.503828 0.877320 0.037172 0.023469
0 0.496258 0.851582 0.038687 0.023469
0 0.591646 0.892084 0.032629 0.021199
0 0.597324 0.942807 0.024305 0.021199
0 0.102797 0.414971 0.044945 0.039793
