0 0.573137 0.989680 0.042898 0.020641
0 0.205926 0.111937 0.024305 0.024984
0 0.176400 0.117236 0.027332 0.028012
0 0.394434 0.113830 0.037930 0.033309
0 0.425473 0.158117 0.034898 0.032555
0 0.450834 0.192184 0.037168 0.031039
0 0.563258 0.102854 0.037930 0.035582
0 0.503449 0.421574 0.031875 0.034070
0 0.485697 0.471133 0.037098 0.034766
0 0.462102 0.565188 0.034070 0.035961
0 0.461471 0.604932 0.035332 0.034699
0 0.483551 0.647518 0.054258 0.060566
0 0.468727 0.749406 0.035961 0.035961
0 0.559572 0.866119 0.057410 0.052363
0 0.407215 0.876527 0.052992 0.052992
0 0.287031 0.988104 0.041008 0.023793
0 0.340336 0.961980 0.054266 0.051164
