0 0.938689 0.319385 0.068137 0.078129
0 0.633898 0.444301 0.036336 0.037250
0 0.544867 0.464744 0.063594 0.067230
0 0.392699 0.521975 0.066320 0.081762
0 0.294131 0.566037 0.089027 0.088121
0 0.211461 0.595562 0.070859 0.092664
0 0.127881 0.620543 0.074496 0.091758
0 0.056111 0.639168 0.045426 0.054508
0 0.493994 0.687771 0.039973 0.049965
0 0.404510 0.717297 0.064504 0.083578
0 0.335920 0.748184 0.063590 0.078125
0 0.247809 0.770895 0.036320 0.054508
0 0.200105 0.794061 0.035430 0.051785
0 0.145596 0.817682 0.039066 0.051785
0 0.365900 0.927152 0.090848 0.085398
0 0.984563 0.694584 0.030875 0.050871
0 0.942324 0.604646 0.031797 0.043605
0 0.885998 0.624178 0.035434 0.044512
0 0.843299 0.651432 0.033613 0.044512
0 0.791518 0.660062 0.039066 0.043609
0 0.734285 0.681410 0.035430 0.044516
0 0.691131 0.710938 0.027254 0.050875
0 0.652066 0.615547 0.041789 0.041789
0 0.694766 0.586932 0.041789 0.049965
0 0.755633 0.580117 0.056328 0.059961
0 0.851932 0.543777 0.049059 0.061773
0 0.912799 0.528334 0.039973 0.052691
0 0.957314 0.502441 0.039973 0.048148
