0 0.786939 0.901352 0.055707 0.057781
0 0.109949 0.187240 0.038266 0.025184
0 0.258754 0.273363 0.054617 0.053523
0 0.367771 0.343680 0.030637 0.028453
0 0.638133 0.017064 0.052438 0.034129
0 0.706811 0.043340 0.043715 0.062250
0 0.830000 0.145270 0.056797 0.063336
0 0.900861 0.179609 0.043715 0.046984
0 0.696455 0.428166 0.044809 0.049168
0 0.488234 0.417264 0.051344 0.049168
0 0.613604 0.495756 0.031723 0.027363
0 0.719893 0.532822 0.045895 0.055707
0 0.782578 0.569887 0.057891 0.060070
0 0.875240 0.657154 0.053527 0.057777
0 0.652850 0.988559 0.053527 0.022883
0 0.348148 0.826131 0.045898 0.057777
0 0.292004 0.793971 0.044805 0.054504
0 0.309992 0.979838 0.045898 0.040324
0 0.084328 0.856109 0.061156 0.061047
0 0.128480 0.689314 0.060070 0.058871
