0 0.342697 0.060781 0.050254 0.046984
0 0.478424 0.087490 0.049168 0.052434
0 0.506221 0.149629 0.069879 0.058977
0 0.505678 0.210678 0.055707 0.063340
0 0.455529 0.241205 0.049168 0.067699
0 0.399975 0.272273 0.046902 0.060070
0 0.866420 0.321617 0.034051 0.041219
0 0.352100 0.303439 0.044926 0.057371
0 0.240094 0.371889 0.049906 0.052395
0 0.192180 0.401758 0.041195 0.049906
0 0.625896 0.433555 0.072309 0.058492
0 0.491486 0.465289 0.057371 0.054758
0 0.521977 0.516937 0.058617 0.053516
0 0.651410 0.571076 0.048664 0.052270
0 0.585449 0.625213 0.058617 0.056004
0 0.612209 0.673125 0.052387 0.054758
0 0.640830 0.726641 0.044926 0.049781
0 0.769016 0.648234 0.062352 0.049781
0 0.801996 0.697395 0.053641 0.046047
0 0.848666 0.599699 0.064840 0.054758
0 0.949471 0.699260 0.052395 0.059738
0 0.945115 0.795648 0.043684 0.046172
0 0.890357 0.825518 0.048660 0.056129
0 0.693102 0.857875 0.054883 0.053641
0 0.736660 0.913258 0.042438 0.037461
