0 0.270234 0.147787 0.053633 0.045785
0 0.369004 0.214506 0.052328 0.043168
0 0.365732 0.266180 0.058871 0.049711
0 0.288549 0.312621 0.045785 0.061484
0 0.344801 0.369527 0.030086 0.023547
0 0.215291 0.539592 0.027473 0.031395
0 0.253883 0.545479 0.028781 0.030090
0 0.281354 0.605654 0.034012 0.027473
0 0.386010 0.633781 0.047098 0.049711
0 0.485434 0.609580 0.028781 0.037941
0 0.535145 0.617430 0.026164 0.030086
0 0.576352 0.635744 0.030086 0.040551
0 0.688203 0.662563 0.047094 0.047094
0 0.266965 0.651443 0.054945 0.051020
0 0.260422 0.703117 0.031398 0.028781
0 0.113904 0.751520 0.060176 0.060180
0 0.229025 0.800576 0.060176 0.056254
0 0.339568 0.837859 0.051020 0.047094
0 0.351996 0.787498 0.054945 0.051012
0 0.364424 0.732551 0.058871 0.053633
0 0.506363 0.822162 0.054945 0.054941
0 0.612328 0.854213 0.044477 0.045785
0 0.635873 0.755443 0.039246 0.041863
0 0.782393 0.689379 0.034012 0.035320
0 0.919100 0.770488 0.051020 0.048406
0 0.904709 0.820854 0.032707 0.031395
0 0.783047 0.838514 0.053633 0.048402
0 0.768656 0.890188 0.058867 0.044477
0 0.756229 0.939898 0.054941 0.052328
0 0.862191 0.969988 0.026164 0.026164
0 0.950496 0.896730 0.043172 0.049711
0 0.977313 0.541553 0.028781 0.022238
