0 0.616252 0.043131 0.062793 0.053637
0 0.745762 0.042477 0.049711 0.049711
0 0.555422 0.180492 0.037938 0.048406
0 0.718291 0.269449 0.068027 0.064102
0 0.315367 0.182455 0.052328 0.057559
0 0.257152 0.166756 0.032703 0.044480
0 0.634566 0.394381 0.073258 0.060176
0 0.692781 0.450633 0.058867 0.049711
0 0.338916 0.429049 0.065410 0.048402
0 0.369002 0.489879 0.065410 0.054945
0 0.230334 0.574914 0.060176 0.054945
0 0.386664 0.561176 0.061484 0.064102
0 0.625414 0.609582 0.068016 0.064102
0 0.808557 0.748902 0.060176 0.060180
0 0.395822 0.638359 0.077184 0.058867
0 0.633260 0.753480 0.036629 0.037938
0 0.267619 0.902617 0.051020 0.035320
0 0.418061 0.890842 0.074566 0.061488
0 0.430488 0.958213 0.068023 0.062793
0 0.675775 0.873836 0.043168 0.035320
