0 0.808557 0.864678 0.047098 0.045785
0 0.800709 0.966717 0.039246 0.043168
0 0.755574 0.966062 0.043172 0.049711
0 0.706518 0.962791 0.039246 0.051020
0 0.601209 0.959523 0.048402 0.052328
0 0.479539 0.855520 0.061500 0.066719
0 0.362463 0.858137 0.060176 0.066719
0 0.309480 0.835244 0.032703 0.054941
0 0.764078 0.741707 0.044477 0.045789
0 0.718291 0.741055 0.044480 0.052328
0 0.132875 0.338129 0.092883 0.081109
0 0.492627 0.713582 0.071949 0.073258
0 0.673813 0.249172 0.075875 0.075875
0 0.578314 0.271410 0.073262 0.078492
0 0.446186 0.157600 0.062793 0.068027
0 0.384701 0.227586 0.073262 0.061484
0 0.346764 0.295613 0.078488 0.079797
0 0.147264 0.252443 0.082418 0.074566
0 0.039338 0.170025 0.075879 0.071949
0 0.538416 0.364947 0.077184 0.066715
0 0.486088 0.432973 0.077184 0.061484
0 0.913867 0.366910 0.056250 0.062797
0 0.830141 0.448672 0.040555 0.045789
0 0.685586 0.442785 0.044477 0.044477
0 0.773891 0.522586 0.087648 0.073258
0 0.652881 0.597807 0.068027 0.079801
0 0.580932 0.637053 0.068027 0.079801
0 0.370967 0.705080 0.074566 0.077184
0 0.359191 0.589303 0.074570 0.057559
0 0.438992 0.488572 0.066719 0.054941
0 0.285932 0.436244 0.079801 0.057559
0 0.241455 0.499039 0.077184 0.075875
0 0.811174 0.744979 0.041863 0.044480
0 0.913865 0.802539 0.045785 0.047094
0 0.899477 0.868604 0.037937 0.045785
