0 0.231150 0.087838 0.030957 0.031184
0 0.205543 0.080992 0.023352 0.029664
0 0.171949 0.069965 0.027156 0.032961
0 0.131637 0.048795 0.031719 0.036762
0 0.199439 0.242871 0.028020 0.034078
0 0.143764 0.242416 0.028020 0.034379
0 0.166236 0.372551 0.026762 0.034508
0 0.222355 0.508758 0.024953 0.033383
0 0.183162 0.527031 0.027277 0.028945
0 0.069809 0.578162 0.025797 0.029371
0 0.097609 0.694996 0.042977 0.048633
0 0.144049 0.669148 0.025457 0.029352
0 0.191365 0.655348 0.029832 0.034172
0 0.236928 0.638262 0.034215 0.037680
0 0.134061 0.820473 0.027207 0.027602
0 0.224529 0.859244 0.016254 0.021027
0 0.206129 0.869102 0.018883 0.022344
0 0.096820 0.824635 0.024578 0.031543
0 0.069219 0.837119 0.023703 0.029355
0 0.037676 0.851578 0.025453 0.030227
0 0.009867 0.843912 0.019734 0.030668
0 0.147861 0.894512 0.016254 0.022344
0 0.127707 0.903934 0.015375 0.022781
0 0.180500 0.961764 0.022828 0.024535
0 0.210072 0.974687 0.020637 0.022344
0 0.507988 0.895170 0.029398 0.028043
0 0.529020 0.930877 0.035531 0.031980
0 0.559029 0.960012 0.028957 0.027164
0 0.583562 0.990738 0.025453 0.018523
0 0.702291 0.924742 0.042980 0.049508
0 0.803275 0.808424 0.032902 0.025410
0 0.687834 0.847410 0.048238 0.042945
0 0.651033 0.803166 0.049988 0.046441
0 0.618393 0.767459 0.028520 0.025848
0 0.591230 0.720803 0.025891 0.035926
0 0.706666 0.684875 0.044715 0.045562
0 0.684547 0.645666 0.029398 0.029355
0 0.705273 0.485105 0.027602 0.032836
0 0.778533 0.377832 0.024988 0.030219
0 0.749754 0.360828 0.024984 0.032836
0 0.914586 0.257480 0.024984 0.027602
0 0.935518 0.145629 0.027605 0.039375
0 0.893000 0.137779 0.026297 0.034145
0 0.853754 0.126006 0.026297 0.034145
0 0.961480 0.047758 0.025891 0.031336
0 0.932426 0.040152 0.026805 0.030117
0 0.903219 0.033611 0.028023 0.031035
