0 0.358131 0.586484 0.050996 0.043164
0 0.632041 0.065928 0.017348 0.015246
0 0.824459 0.474426 0.029965 0.024711
0 0.688293 0.403715 0.041531 0.046266
0 0.816834 0.651598 0.029441 0.022609
0 0.925926 0.800381 0.035227 0.024707
0 0.924084 0.853742 0.042059 0.041008
0 0.880975 0.780141 0.026285 0.028391
0 0.836812 0.749910 0.028391 0.028914
0 0.744021 0.699176 0.021559 0.030492
0 0.871775 0.946613 0.054152 0.047367
0 0.662533 0.636430 0.023660 0.029492
0 0.625732 0.641951 0.025762 0.026863
0 0.591559 0.596211 0.046789 0.052102
0 0.548449 0.568609 0.029969 0.029492
0 0.477736 0.538119 0.027340 0.028441
0 0.363389 0.425348 0.056254 0.052102
0 0.413336 0.506311 0.026812 0.032121
0 0.266654 0.491064 0.028918 0.025816
0 0.311078 0.541008 0.041008 0.043688
