0 0.282504 0.438389 0.075352 0.068004
0 0.246713 0.499613 0.071582 0.066125
0 0.417195 0.552359 0.043328 0.043516
0 0.498199 0.578732 0.073469 0.069887
0 0.903217 0.612641 0.081004 0.077422
0 0.577320 0.639957 0.069703 0.060469
0 0.812795 0.743564 0.032027 0.037863
0 0.718605 0.734146 0.043328 0.049168
0 0.548121 0.692703 0.048977 0.041633
0 0.485955 0.711541 0.071582 0.068004
0 0.368219 0.707773 0.069703 0.079305
0 0.899449 0.871760 0.047094 0.052746
0 0.804316 0.867049 0.045211 0.047098
0 0.541527 0.884004 0.039562 0.043328
0 0.479363 0.859514 0.047094 0.065934
0 0.422848 0.857631 0.043328 0.050863
0 0.306053 0.834082 0.032027 0.048977
0 0.339961 0.059746 0.081000 0.060469
0 0.125207 0.164297 0.077234 0.092492
0 0.035736 0.168064 0.067801 0.081191
0 0.263666 0.216102 0.079121 0.075539
0 0.448279 0.161471 0.071582 0.060473
0 0.627242 0.210449 0.060281 0.071773
0 0.850471 0.273557 0.081004 0.077426
0 0.685639 0.443098 0.037676 0.043516
0 0.385172 0.223637 0.069703 0.071773
0 0.355031 0.295221 0.069703 0.060473
0 0.311703 0.362096 0.077234 0.066121
0 0.491607 0.431795 0.086652 0.081191
