0 0.919229 0.166273 0.052746 0.058398
0 0.414371 0.119180 0.071586 0.062164
0 0.355973 0.157797 0.033906 0.026375
0 0.134627 0.190764 0.032027 0.050863
0 0.452988 0.270826 0.028258 0.033910
0 0.495373 0.297197 0.022605 0.022605
0 0.630066 0.366805 0.035789 0.041633
0 0.671510 0.388469 0.035793 0.039750
0 0.708244 0.405424 0.048980 0.032215
0 0.491607 0.321594 0.037676 0.026562
0 0.474654 0.346084 0.022605 0.022793
0 0.404953 0.287686 0.056516 0.052934
0 0.350320 0.264139 0.045211 0.054816
0 0.305111 0.250010 0.033910 0.026559
0 0.279383 0.230992 0.020195 0.029352
0 0.241068 0.221354 0.052137 0.060020
0 0.199207 0.234277 0.029836 0.049945
0 0.185428 0.304596 0.046879 0.034613
0 0.198549 0.332197 0.026770 0.020590
0 0.231846 0.332416 0.039910 0.046441
0 0.270838 0.353445 0.045168 0.040305
0 0.488799 0.423105 0.032465 0.028039
0 0.510049 0.451582 0.027645 0.021031
0 0.579707 0.472830 0.031148 0.042496
0 0.672588 0.512260 0.034652 0.040746
0 0.686389 0.479402 0.034215 0.033734
0 0.707857 0.445229 0.033348 0.038113
0 0.836660 0.488164 0.035094 0.049508
0 0.876059 0.500938 0.032523 0.034234
0 0.903520 0.525701 0.037273 0.029207
0 0.915020 0.565682 0.031070 0.031762
0 0.939846 0.596713 0.033988 0.029574
0 0.939848 0.636326 0.036180 0.028480
0 0.954998 0.690727 0.031434 0.029937
0 0.904977 0.702955 0.029969 0.036145
0 0.865367 0.692916 0.034719 0.038699
0 0.876684 0.746219 0.037641 0.028477
0 0.800197 0.798975 0.037277 0.038332
0 0.766246 0.777801 0.035086 0.035414
0 0.730832 0.757172 0.032164 0.032125
0 0.789428 0.551973 0.027418 0.025594
0 0.810785 0.519295 0.027055 0.025957
0 0.823354 0.875930 0.020504 0.032070
0 0.793650 0.905369 0.025238 0.038379
0 0.755797 0.894855 0.030492 0.034172
0 0.726096 0.871195 0.033121 0.039430
0 0.726566 0.989334 0.035961 0.021332
0 0.694076 0.978035 0.029020 0.032805
0 0.426270 0.926621 0.053625 0.053625
0 0.367279 0.978609 0.060566 0.042781
0 0.240473 0.986180 0.030281 0.027641
0 0.088115 0.979871 0.067504 0.040258
0 0.157197 0.642723 0.050473 0.046055
0 0.100104 0.614018 0.057410 0.049207
0 0.035121 0.652186 0.042266 0.032176
0 0.011410 0.552191 0.022820 0.055516
0 0.012672 0.435164 0.025344 0.051102
0 0.055311 0.464184 0.054887 0.063719
0 0.107043 0.492574 0.056148 0.058672
0 0.212084 0.547145 0.064348 0.065609
0 0.266656 0.575217 0.051102 0.054887
0 0.315863 0.583420 0.033438 0.030910
0 0.341100 0.554398 0.032176 0.046055
