0 0.740348 0.659430 0.027352 0.019453
0 0.298855 0.429084 0.042937 0.045168
0 0.250883 0.409150 0.046000 0.056996
0 0.331057 0.301812 0.046004 0.053492
0 0.378375 0.314299 0.022344 0.032027
0 0.421090 0.341461 0.039430 0.040789
0 0.488996 0.200609 0.041180 0.048234
0 0.455262 0.179361 0.022781 0.034652
0 0.429633 0.167971 0.024094 0.032902
0 0.583410 0.013131 0.032859 0.026262
0 0.990576 0.074898 0.018848 0.042516
0 0.977494 0.114145 0.045012 0.046875
0 0.874316 0.032383 0.047969 0.040336
0 0.839434 0.422326 0.024727 0.027863
0 0.827088 0.447824 0.029441 0.025234
0 0.817361 0.473584 0.032066 0.024184
0 0.807111 0.500396 0.029441 0.024184
0 0.782139 0.553496 0.027863 0.026289
0 0.762947 0.605805 0.027340 0.021555
0 0.772148 0.674150 0.021555 0.025762
0 0.729037 0.683344 0.031020 0.024172
0 0.692236 0.769047 0.027863 0.028391
0 0.667789 0.824248 0.028391 0.021027
