0 0.719777 0.712586 0.024984 0.034070
0 0.751576 0.629687 0.026496 0.030281
0 0.981018 0.115449 0.037965 0.043102
0 0.734164 0.154256 0.047695 0.040879
0 0.487361 0.199303 0.044668 0.050723
0 0.438910 0.181133 0.056781 0.053750
0 0.384400 0.159936 0.043152 0.043152
0 0.340115 0.451779 0.059051 0.051480
0 0.690254 0.770502 0.023469 0.025738
0 0.807598 0.500990 0.031039 0.027254
0 0.817439 0.475250 0.028012 0.030281
0 0.826902 0.446859 0.028766 0.032555
0 0.878383 0.352984 0.052992 0.052234
0 0.790195 0.309076 0.025000 0.028012
0 0.327244 0.299232 0.045426 0.049207
0 0.373424 0.318916 0.051480 0.044668
0 0.700852 0.745141 0.034070 0.031039
