0 0.626660 0.247375 0.041641 0.037852
0 0.885574 0.035869 0.079492 0.071738
0 0.184160 0.129273 0.075703 0.069648
0 0.571773 0.200059 0.046937 0.032555
0 0.376453 0.216715 0.072680 0.079492
0 0.303775 0.218605 0.060566 0.063594
0 0.426799 0.266680 0.067379 0.064352
0 0.168262 0.256838 0.069648 0.074949
0 0.172049 0.356391 0.074191 0.068133
0 0.287121 0.462000 0.080250 0.064352
0 0.511586 0.391217 0.062836 0.066621
0 0.412414 0.486984 0.071922 0.062836
0 0.454430 0.543764 0.096906 0.067379
0 0.254566 0.545656 0.072680 0.071164
0 0.165613 0.564961 0.070406 0.070406
0 0.502502 0.597893 0.074949 0.056020
0 0.297342 0.615682 0.067379 0.067379
0 0.339357 0.679275 0.096902 0.073434
0 0.209523 0.708801 0.070406 0.061320
0 0.250025 0.781857 0.080246 0.066621
0 0.296963 0.845451 0.072676 0.059051
0 0.342008 0.908285 0.071922 0.069648
0 0.812896 0.924186 0.103715 0.090848
0 0.931756 0.903744 0.035582 0.045426
0 0.646723 0.849236 0.049969 0.043910
0 0.617574 0.805705 0.047695 0.037098
