0 0.884545 0.800602 0.026348 0.026344
0 0.972213 0.804689 0.023621 0.027254
0 0.957676 0.833762 0.029070 0.029070
0 0.920883 0.892357 0.024531 0.028160
0 0.951318 0.955043 0.030887 0.028164
0 0.008705 0.142416 0.017410 0.043605
0 0.075553 0.099719 0.036340 0.038156
0 0.130969 0.223725 0.041789 0.029980
0 0.388520 0.264605 0.022711 0.024531
0 0.416684 0.245527 0.024531 0.028164
0 0.650613 0.293676 0.029070 0.035430
0 0.683771 0.291406 0.033613 0.038156
0 0.716479 0.287771 0.028160 0.038152
0 0.749182 0.290498 0.029980 0.039973
0 0.781887 0.286412 0.028164 0.037254
0 0.812322 0.281412 0.036340 0.036340
0 0.865467 0.315479 0.035434 0.042699
0 0.920430 0.294584 0.034523 0.029980
0 0.854111 0.224633 0.032707 0.029977
0 0.886361 0.202830 0.033613 0.033613
0 0.898627 0.175121 0.036340 0.029070
0 0.922246 0.140145 0.030891 0.028164
0 0.947229 0.083820 0.037246 0.028164
0 0.925426 0.048844 0.040883 0.034523
0 0.920428 0.620725 0.039973 0.029980
0 0.913615 0.662514 0.029980 0.017262
0 0.760084 0.914797 0.015441 0.029977
0 0.727834 0.922518 0.018168 0.030887
0 0.639713 0.927516 0.019988 0.026344
0 0.132787 0.907529 0.016355 0.013629
0 0.912707 0.581660 0.035430 0.031797
0 0.905439 0.919748 0.035434 0.032793
0 0.940869 0.431764 0.029980 0.033613
0 0.917248 0.006252 0.033613 0.012504
0 0.980842 0.482639 0.029980 0.029980
0 0.818227 0.880684 0.035430 0.034609
0 0.903623 0.543959 0.033613 0.032707
