0 0.711254 0.417365 0.042789 0.024621
0 0.619500 0.346549 0.042789 0.029980
0 0.616770 0.416955 0.039164 0.039973
0 0.617229 0.449207 0.041879 0.024531
0 0.620869 0.520521 0.045527 0.029074
0 0.616773 0.554090 0.039156 0.030977
0 0.610414 0.591336 0.046422 0.029164
0 0.713070 0.593154 0.037336 0.030980
0 0.857518 0.660426 0.033707 0.034523
0 0.861150 0.695402 0.031887 0.031797
0 0.862514 0.729016 0.041879 0.031797
0 0.949727 0.762174 0.041883 0.032707
0 0.859789 0.759402 0.036430 0.032797
0 0.710801 0.644980 0.030977 0.034523
0 0.707619 0.714934 0.040973 0.029070
0 0.853885 0.792563 0.031887 0.033703
0 0.487020 0.177096 0.043125 0.042871
0 0.677186 0.205738 0.041879 0.035430
0 0.951543 0.382434 0.036430 0.030891
0 0.950182 0.479186 0.035520 0.028160
0 0.953814 0.540053 0.035520 0.024527
0 0.858428 0.545459 0.040973 0.024621
0 0.862969 0.354680 0.035523 0.026438
0 0.762129 0.347412 0.037336 0.026434
0 0.706711 0.379209 0.039156 0.026434
0 0.703533 0.749455 0.043699 0.027254
0 0.622680 0.751727 0.045516 0.026344
0 0.711254 0.823496 0.042789 0.031797
0 0.864332 0.859381 0.040062 0.034520
0 0.869781 0.894357 0.043695 0.033613
0 0.709438 0.893857 0.035523 0.029160
0 0.622678 0.859336 0.043699 0.027344
0 0.620408 0.823904 0.044605 0.027348
0 0.468238 0.629992 0.040062 0.035430
0 0.386021 0.679957 0.040973 0.037250
0 0.386021 0.725381 0.048238 0.031793
0 0.470057 0.744459 0.043699 0.040879
0 0.473689 0.816682 0.041879 0.032707
0 0.472781 0.855291 0.049148 0.037246
0 0.384207 0.893857 0.055508 0.043699
0 0.327881 0.832080 0.035520 0.038246
0 0.283365 0.773484 0.024621 0.028250
0 0.233854 0.816184 0.041879 0.030070
0 0.231584 0.711256 0.040973 0.025527
0 0.230674 0.636760 0.040973 0.034613
0 0.470057 0.526881 0.050965 0.034520
0 0.386021 0.535057 0.040973 0.029074
0 0.382389 0.578209 0.051871 0.039066
0 0.236125 0.579072 0.024617 0.026434
0 0.234764 0.480957 0.034613 0.030070
0 0.280186 0.396471 0.030980 0.031887
0 0.225678 0.369670 0.030980 0.021895
0 0.468240 0.411506 0.050965 0.039973
0 0.467785 0.345186 0.039156 0.030887
0 0.384660 0.356996 0.041883 0.032703
