0 0.085518 0.853428 0.058871 0.056254
0 0.224186 0.665701 0.061488 0.062793
0 0.345193 0.825303 0.068027 0.060176
0 0.435459 0.967895 0.060176 0.060180
0 0.641500 0.929957 0.056250 0.060180
0 0.857354 0.484516 0.053637 0.061484
0 0.710836 0.529648 0.061484 0.054945
0 0.610104 0.493674 0.056254 0.048402
0 0.488441 0.421725 0.058867 0.051020
0 0.834459 0.339961 0.034012 0.034016
0 0.892674 0.181670 0.056254 0.068027
0 0.800445 0.203256 0.060180 0.053637
0 0.828572 0.142424 0.056254 0.060176
0 0.759238 0.099906 0.058867 0.064102
0 0.702330 0.042348 0.060176 0.069336
0 0.636920 0.016268 0.065410 0.032535
