0 0.081475 0.098500 0.030465 0.028672
0 0.170184 0.153158 0.028672 0.030465
0 0.147783 0.301904 0.030465 0.023301
0 0.252619 0.208713 0.025090 0.030465
0 0.277711 0.236492 0.017922 0.021508
0 0.301010 0.228426 0.025090 0.023297
0 0.332369 0.240076 0.016129 0.014340
0 0.317139 0.259791 0.025090 0.025090
0 0.392406 0.299215 0.017922 0.017922
0 0.402262 0.282191 0.019711 0.019711
0 0.486492 0.332369 0.019711 0.019715
0 0.490076 0.376277 0.023301 0.021508
0 0.504412 0.370900 0.019715 0.021504
0 0.507100 0.348500 0.025090 0.026883
0 0.697963 0.332371 0.034051 0.026883
0 0.714988 0.306385 0.032258 0.028676
0 0.675559 0.207818 0.032258 0.025090
0 0.753516 0.524125 0.055555 0.059141
0 0.475738 0.668387 0.059141 0.046586
0 0.403160 0.783984 0.032258 0.023297
0 0.346707 0.749037 0.030469 0.025090
0 0.267854 0.699752 0.055559 0.048387
0 0.663912 0.937566 0.069895 0.055555
