0 0.077959 0.217383 0.039113 0.027125
0 0.418949 0.129375 0.048578 0.037852
0 0.407838 0.927768 0.035730 0.032324
0 0.770186 0.861426 0.028965 0.029367
0 0.744947 0.828467 0.034652 0.035285
0 0.851961 0.809229 0.033492 0.034988
0 0.818875 0.704137 0.031719 0.034734
0 0.782910 0.645367 0.033469 0.036000
0 0.666029 0.667170 0.040566 0.033973
0 0.617563 0.575166 0.030758 0.029816
0 0.599461 0.548240 0.034711 0.033770
0 0.494039 0.611508 0.026500 0.030758
0 0.429236 0.599490 0.033801 0.028020
0 0.334412 0.609160 0.029652 0.034695
0 0.271008 0.557744 0.037852 0.029020
0 0.303814 0.512635 0.031543 0.034699
0 0.244826 0.381096 0.027129 0.026496
0 0.190570 0.293088 0.027125 0.029652
