0 0.286932 0.873424 0.050043 0.034145
0 0.013271 0.858699 0.026543 0.052992
0 0.928211 0.638506 0.040008 0.034699
0 0.897719 0.700543 0.063141 0.063086
0 0.832791 0.699229 0.033176 0.042582
0 0.739246 0.181822 0.035781 0.037238
0 0.701641 0.180178 0.037969 0.039066
0 0.586453 0.211211 0.044906 0.039063
0 0.782852 0.359541 0.032703 0.032707
0 0.991176 0.256520 0.017648 0.042516
0 0.775766 0.281594 0.040336 0.044695
0 0.788631 0.721047 0.035277 0.042063
0 0.736057 0.706590 0.039480 0.035227
0 0.913775 0.839393 0.042473 0.049207
0 0.849047 0.844693 0.065938 0.068895
0 0.779018 0.842801 0.066699 0.080250
0 0.707475 0.837502 0.062918 0.065105
0 0.635555 0.844314 0.068969 0.089332
0 0.564771 0.851885 0.063668 0.081762
0 0.491715 0.860971 0.067453 0.081762
0 0.420553 0.869676 0.062910 0.074945
0 0.356959 0.881789 0.050801 0.059805
0 0.587551 0.261596 0.036875 0.034684
0 0.586090 0.298834 0.038336 0.033957
0 0.476014 0.303398 0.040887 0.037969
0 0.460680 0.268166 0.048195 0.033957
0 0.452465 0.228371 0.036875 0.039062
0 0.420336 0.199346 0.036875 0.048926
0 0.366850 0.201170 0.033590 0.040160
0 0.294562 0.217600 0.036508 0.048191
0 0.259697 0.279484 0.044176 0.038336
0 0.210955 0.327859 0.035777 0.037242
0 0.276854 0.357248 0.045637 0.037605
0 0.284521 0.397227 0.047098 0.036508
