0 0.252117 0.136930 0.039484 0.043164
0 0.296018 0.132986 0.042113 0.043691
0 0.342281 0.154018 0.036852 0.037379
0 0.394592 0.156383 0.039480 0.043164
0 0.526289 0.163768 0.042109 0.038902
0 0.524186 0.208193 0.040012 0.042582
0 0.524186 0.260504 0.042113 0.038906
0 0.682957 0.236293 0.070500 0.073656
0 0.777590 0.183484 0.043164 0.039430
0 0.936625 0.165871 0.086797 0.073602
0 0.928291 0.271387 0.087801 0.076758
0 0.771623 0.338680 0.082543 0.076758
0 0.931709 0.378898 0.078863 0.072023
0 0.771098 0.417277 0.083594 0.078336
0 0.927766 0.472715 0.063617 0.068398
0 0.770834 0.494271 0.087270 0.072605
0 0.937492 0.570268 0.086219 0.076230
0 0.936562 0.651734 0.086219 0.076234
0 0.930254 0.733748 0.086219 0.076230
0 0.775687 0.727967 0.086219 0.076230
0 0.773584 0.650158 0.086223 0.076230
0 0.773584 0.807877 0.086223 0.076230
0 0.927082 0.811580 0.045211 0.042059
0 0.449732 0.829707 0.041004 0.051508
0 0.495473 0.820496 0.041008 0.051508
0 0.528066 0.720605 0.041008 0.051508
0 0.473914 0.718504 0.041008 0.051508
0 0.403977 0.773988 0.049422 0.039430
0 0.513617 0.636756 0.077297 0.077262
0 0.546992 0.572871 0.041008 0.040977
0 0.519111 0.527920 0.044160 0.042637
0 0.602178 0.422508 0.052574 0.065242
0 0.507283 0.472453 0.063613 0.054727
0 0.525684 0.313971 0.040484 0.042582
0 0.522266 0.358658 0.041008 0.040480
0 0.318883 0.715621 0.041008 0.051508
0 0.303184 0.833357 0.041008 0.051512
0 0.469324 0.930164 0.041008 0.051508
0 0.776750 0.058906 0.041008 0.051508
