0 0.138398 0.973887 0.058984 0.052227
0 0.985152 0.950861 0.029695 0.033613
0 0.906865 0.963754 0.033457 0.033758
0 0.398350 0.157084 0.018840 0.024973
0 0.369080 0.153527 0.022457 0.031586
0 0.318527 0.168268 0.018836 0.024973
0 0.345008 0.159242 0.022453 0.031586
0 0.205383 0.174891 0.022453 0.031586
0 0.185521 0.174289 0.022457 0.031586
0 0.143994 0.171277 0.022457 0.031586
0 0.122328 0.173684 0.022453 0.031586
0 0.175291 0.289840 0.022457 0.031586
0 0.153918 0.235646 0.019859 0.016848
0 0.120814 0.229328 0.024676 0.019859
0 0.073572 0.168844 0.026480 0.019258
0 0.063039 0.223309 0.022266 0.016250
0 0.157779 0.332000 0.033895 0.020898
0 0.153396 0.353299 0.033895 0.020895
0 0.134588 0.375031 0.033895 0.020898
0 0.142111 0.403668 0.033895 0.023836
0 0.137932 0.453188 0.033895 0.020898
0 0.068135 0.474920 0.033895 0.020895
0 0.099900 0.514207 0.033895 0.020898
0 0.160084 0.527162 0.033895 0.020895
0 0.181814 0.569793 0.033895 0.020898
0 0.075240 0.582748 0.033895 0.020895
0 0.095721 0.574391 0.033895 0.020898
0 0.090287 0.610750 0.033895 0.020898
0 0.108258 0.632484 0.033898 0.020898
0 0.125393 0.653381 0.033895 0.020895
0 0.234061 0.628705 0.028043 0.023371
0 0.196025 0.591943 0.033895 0.020895
0 0.382141 0.733512 0.033898 0.020898
0 0.386354 0.756984 0.033895 0.020898
0 0.326764 0.660662 0.022871 0.027684
0 0.353854 0.666709 0.022871 0.027684
0 0.399895 0.824398 0.033102 0.034891
0 0.296082 0.818676 0.036117 0.040320
0 0.203473 0.040168 0.033500 0.023977
0 0.742566 0.175682 0.025742 0.025738
0 0.926152 0.931943 0.040125 0.030355
0 0.888701 0.886541 0.040121 0.030355
0 0.909141 0.846416 0.040125 0.030355
0 0.841764 0.842631 0.040121 0.030355
0 0.841008 0.772986 0.040125 0.037934
0 0.765301 0.790781 0.040125 0.037188
0 0.733482 0.782047 0.028770 0.037930
0 0.655527 0.778281 0.028766 0.037930
0 0.687324 0.685920 0.028766 0.037926
0 0.717607 0.679107 0.028770 0.037926
0 0.751674 0.676836 0.028770 0.037930
0 0.784984 0.677594 0.028766 0.037930
0 0.858420 0.636711 0.028770 0.037930
0 0.870533 0.604914 0.028770 0.037930
0 0.825463 0.661674 0.044668 0.057613
0 0.932238 0.466752 0.035570 0.029598
0 0.899301 0.540566 0.028766 0.037930
0 0.924639 0.354346 0.037098 0.027254
0 0.917471 0.323291 0.037098 0.027254
0 0.906113 0.290736 0.037094 0.027254
0 0.890973 0.262725 0.037094 0.027254
0 0.940939 0.160521 0.037098 0.027254
0 0.867504 0.240014 0.037094 0.027254
0 0.816781 0.191561 0.037094 0.027254
0 0.779686 0.181352 0.037098 0.037078
0 0.648717 0.148031 0.038605 0.035578
0 0.710414 0.177178 0.028016 0.025738
0 0.679352 0.170344 0.031039 0.036414
