0 0.357504 0.192344 0.027164 0.027602
0 0.411670 0.016273 0.027160 0.027602
0 0.399020 0.065578 0.027164 0.027602
0 0.382734 0.091547 0.027164 0.027602
0 0.371449 0.141426 0.027164 0.027602
0 0.374195 0.169949 0.027164 0.027602
0 0.348520 0.271467 0.018805 0.022605
0 0.336588 0.309184 0.027160 0.027602
0 0.346303 0.336859 0.010566 0.014367
0 0.274277 0.537668 0.027164 0.027602
0 0.451879 0.371426 0.049227 0.053477
0 0.435781 0.424109 0.049227 0.053477
0 0.412437 0.468902 0.049227 0.053477
0 0.080385 0.689203 0.024848 0.029664
0 0.471359 0.872287 0.027133 0.034176
0 0.250461 0.899172 0.041305 0.054602
0 0.161896 0.969395 0.024848 0.029664
0 0.056236 0.937287 0.055473 0.050059
0 0.069781 0.888523 0.053391 0.048391
0 0.082725 0.836840 0.059184 0.045055
0 0.201906 0.821020 0.025687 0.029664
0 0.218785 0.773510 0.048805 0.046684
0 0.406426 0.237016 0.022539 0.023945
0 0.493932 0.184898 0.043668 0.046484
