0 0.920076 0.990234 0.035090 0.019531
0 0.136510 0.974016 0.064363 0.048664
0 0.218365 0.098406 0.024848 0.029664
0 0.300129 0.093863 0.024844 0.029664
0 0.160072 0.135500 0.024848 0.029664
0 0.425801 0.147605 0.024844 0.032680
0 0.344795 0.158969 0.024848 0.032680
0 0.318299 0.165783 0.024848 0.032676
0 0.292557 0.170324 0.024848 0.032680
0 0.267576 0.183953 0.024848 0.032680
0 0.204740 0.178652 0.024848 0.032680
0 0.182785 0.174867 0.024844 0.032680
0 0.164615 0.174109 0.024848 0.032680
0 0.121463 0.175625 0.024848 0.032680
0 0.109350 0.190766 0.024848 0.032680
0 0.107836 0.207422 0.024844 0.032680
0 0.193385 0.239975 0.024848 0.032676
0 0.151744 0.238461 0.024848 0.032680
0 0.333414 0.120719 0.025813 0.021953
0 0.187303 0.269104 0.030355 0.018926
0 0.154100 0.354045 0.031637 0.021449
0 0.098588 0.341414 0.021449 0.026500
0 0.158205 0.307977 0.029652 0.025234
0 0.139596 0.402625 0.030355 0.022719
0 0.133287 0.428488 0.030355 0.022719
0 0.137072 0.452461 0.030355 0.022719
0 0.077420 0.584176 0.030355 0.022719
0 0.126602 0.652207 0.030359 0.022719
0 0.147555 0.676682 0.030359 0.022723
0 0.213402 0.610305 0.030359 0.022719
0 0.150238 0.474293 0.030359 0.022719
0 0.384717 0.673547 0.030355 0.022719
0 0.388922 0.707719 0.030359 0.022719
0 0.354215 0.667264 0.024234 0.024184
0 0.328463 0.661455 0.024238 0.024184
0 0.301125 0.665662 0.024234 0.024184
0 0.277992 0.661455 0.024234 0.024184
0 0.259066 0.640426 0.024234 0.024188
0 0.382605 0.755561 0.029477 0.024184
0 0.401006 0.801041 0.031582 0.038387
0 0.215947 0.819176 0.052629 0.054727
0 0.923361 0.931840 0.038160 0.030664
0 0.909131 0.961193 0.038160 0.030668
0 0.943744 0.879705 0.038160 0.030668
0 0.885475 0.884088 0.038160 0.030668
0 0.884160 0.806320 0.038156 0.039859
0 0.825014 0.817488 0.038160 0.038539
0 0.799166 0.790770 0.038160 0.038539
0 0.764557 0.792521 0.038160 0.038543
0 0.732135 0.782445 0.038160 0.038539
0 0.694020 0.776313 0.038156 0.038539
0 0.652398 0.776750 0.038156 0.038539
0 0.648893 0.681242 0.038160 0.038539
0 0.683943 0.683871 0.038160 0.038539
0 0.717240 0.676859 0.038160 0.038539
0 0.750975 0.678613 0.038160 0.038539
0 0.788213 0.675107 0.038160 0.038543
0 0.821072 0.653203 0.038160 0.038539
0 0.856561 0.638307 0.038160 0.038543
0 0.872768 0.607201 0.038160 0.038543
0 0.888104 0.573904 0.038160 0.038543
0 0.898619 0.540607 0.038160 0.038543
0 0.932148 0.464691 0.038156 0.038539
0 0.928092 0.429197 0.038160 0.038543
0 0.927223 0.392484 0.046086 0.038539
0 0.924332 0.353084 0.035625 0.032582
0 0.955814 0.261688 0.038160 0.038539
0 0.914000 0.322791 0.033492 0.029918
0 0.905762 0.290467 0.033242 0.032199
0 0.868998 0.240139 0.031715 0.032957
0 0.840855 0.215926 0.034758 0.035242
0 0.818037 0.191840 0.032223 0.036766
0 0.782551 0.178510 0.047555 0.048191
0 0.709900 0.181477 0.033324 0.033266
0 0.678584 0.173145 0.038160 0.038539
