0 0.317992 0.367389 0.071242 0.069980
0 0.760549 0.358135 0.071246 0.069980
0 0.675930 0.147895 0.071242 0.069977
0 0.624232 0.214488 0.071246 0.069977
0 0.589178 0.283709 0.076488 0.069980
0 0.444605 0.163229 0.071242 0.069980
0 0.392471 0.229383 0.071246 0.069977
0 0.347783 0.292910 0.071246 0.069977
0 0.289076 0.440115 0.071246 0.069980
0 0.244389 0.499699 0.071246 0.069977
0 0.137066 0.342730 0.084617 0.078195
0 0.149689 0.251307 0.084918 0.069980
0 0.128248 0.173115 0.071246 0.069980
0 0.039174 0.176461 0.077801 0.069977
0 0.372336 0.704338 0.071242 0.069980
0 0.508607 0.570248 0.071246 0.069980
0 0.363615 0.586600 0.071246 0.069980
0 0.443197 0.488484 0.071246 0.069977
0 0.492256 0.428525 0.071246 0.069980
0 0.657959 0.599682 0.071246 0.069980
0 0.729910 0.599682 0.071242 0.069980
0 0.590906 0.639475 0.091938 0.077613
0 0.903246 0.616586 0.071242 0.092859
0 0.906746 0.751701 0.042758 0.050270
0 0.860020 0.750604 0.042758 0.050270
0 0.811098 0.742936 0.042758 0.050270
0 0.766557 0.741111 0.042754 0.050270
0 0.715443 0.740014 0.042754 0.050270
0 0.806582 0.864342 0.042758 0.050270
0 0.716223 0.862518 0.042758 0.050270
0 0.845336 0.973764 0.042758 0.050270
0 0.797145 0.971936 0.042758 0.050270
0 0.658043 0.966096 0.042758 0.050270
0 0.603645 0.966459 0.042758 0.050270
0 0.481934 0.858182 0.052406 0.066910
0 0.423221 0.862561 0.042754 0.050270
0 0.362988 0.859930 0.051938 0.059906
0 0.313693 0.831018 0.042754 0.050270
