0 0.387596 0.092152 0.029652 0.025234
0 0.533674 0.101000 0.029652 0.025234
0 0.391725 0.118664 0.029652 0.025234
0 0.373430 0.143270 0.029648 0.025234
0 0.378477 0.169766 0.029648 0.025234
0 0.572787 0.231283 0.029652 0.033449
0 0.498652 0.185855 0.047930 0.049836
0 0.352201 0.272490 0.029652 0.025238
0 0.341002 0.335875 0.029652 0.025234
0 0.392344 0.367566 0.029648 0.025234
0 0.309943 0.419330 0.029652 0.025238
0 0.281092 0.538816 0.029652 0.025234
0 0.336818 0.637393 0.029652 0.025762
0 0.086545 0.686963 0.029652 0.025238
0 0.008168 0.670607 0.016336 0.036129
0 0.111291 0.742213 0.060387 0.048957
0 0.226750 0.772631 0.060383 0.048957
0 0.209707 0.823887 0.046984 0.039508
0 0.198758 0.873330 0.050641 0.041348
0 0.182332 0.924754 0.050641 0.041344
0 0.032785 0.843988 0.050641 0.041344
0 0.057709 0.941354 0.057551 0.046512
0 0.292346 0.973301 0.063590 0.053398
0 0.276367 0.733941 0.050641 0.041344
0 0.351555 0.757285 0.050641 0.043086
0 0.512307 0.764191 0.050645 0.041344
0 0.529592 0.697645 0.050645 0.041344
0 0.603824 0.546400 0.050641 0.041348
0 0.683648 0.626824 0.050641 0.041344
0 0.603594 0.396691 0.054844 0.045570
0 0.519072 0.433266 0.043215 0.048039
0 0.450795 0.373963 0.047535 0.045113
0 0.424842 0.475447 0.052129 0.045730
