0 0.401355 0.050787 0.050641 0.041348
0 0.286480 0.181879 0.050641 0.041344
0 0.277016 0.228887 0.050641 0.041992
0 0.304773 0.278084 0.050641 0.057113
0 0.304145 0.331396 0.050641 0.041348
0 0.200049 0.403947 0.050645 0.041348
0 0.277971 0.372396 0.063902 0.057762
0 0.185215 0.547789 0.029805 0.041344
0 0.213922 0.510568 0.055672 0.041348
0 0.112553 0.600113 0.030957 0.024062
0 0.038437 0.977428 0.050641 0.045145
0 0.090172 0.985313 0.050641 0.029375
0 0.336215 0.954707 0.050641 0.041344
0 0.492043 0.791939 0.050641 0.041348
0 0.584150 0.914330 0.050645 0.041348
0 0.631146 0.800129 0.024668 0.022711
0 0.643447 0.767006 0.024035 0.024605
0 0.713480 0.947145 0.050641 0.048898
0 0.533686 0.700457 0.027941 0.026195
0 0.572789 0.588467 0.026562 0.022082
0 0.796121 0.595092 0.030344 0.026496
0 0.633988 0.466406 0.050641 0.041344
0 0.827672 0.399533 0.050641 0.041348
0 0.649758 0.404250 0.026562 0.023344
0 0.990816 0.134863 0.018367 0.032172
0 0.963021 0.163252 0.025863 0.034699
0 0.750098 0.184387 0.025234 0.030281
0 0.921672 0.062316 0.050641 0.047008
0 0.970250 0.031729 0.050641 0.041348
