0 0.172627 0.369121 0.040012 0.032133
0 0.205760 0.388709 0.027090 0.040473
0 0.367057 0.448539 0.047098 0.028344
0 0.375184 0.486883 0.041680 0.033344
0 0.075514 0.217199 0.037512 0.028383
0 0.092811 0.183441 0.039598 0.031719
0 0.169709 0.326191 0.042512 0.029633
0 0.235352 0.282848 0.037930 0.045477
0 0.285158 0.357473 0.026676 0.034594
0 0.331631 0.365162 0.024590 0.035051
0 0.302871 0.512307 0.032094 0.037512
0 0.269320 0.521893 0.029172 0.031676
0 0.270779 0.557924 0.035426 0.031301
0 0.277238 0.587309 0.032508 0.030883
0 0.489385 0.531062 0.025004 0.030008
0 0.597541 0.548152 0.032926 0.030844
0 0.655059 0.636719 0.035430 0.029594
0 0.700488 0.727162 0.029594 0.024590
0 0.726744 0.794660 0.030426 0.029633
0 0.809062 0.845717 0.030844 0.030051
0 0.854492 0.807582 0.032508 0.032969
0 0.834068 0.735270 0.032512 0.028383
0 0.862412 0.655037 0.031676 0.032137
0 0.818439 0.704428 0.033762 0.029215
0 0.804893 0.671916 0.035012 0.035887
0 0.753516 0.950650 0.041219 0.030465
0 0.420184 0.128070 0.041219 0.041219
0 0.292943 0.058178 0.037637 0.048387
0 0.224844 0.057281 0.037633 0.035844
0 0.230219 0.016063 0.041219 0.028672
