0 0.857965 0.833600 0.076297 0.083848
0 0.817453 0.316705 0.076297 0.083848
0 0.816363 0.226221 0.076297 0.083848
0 0.375613 0.162428 0.062648 0.066590
0 0.385562 0.236734 0.062648 0.066594
0 0.219303 0.263988 0.069934 0.066594
0 0.410090 0.595578 0.062648 0.066594
0 0.424162 0.682334 0.076293 0.083848
0 0.425535 0.771822 0.076297 0.083848
0 0.437344 0.858127 0.076297 0.083848
0 0.690807 0.784541 0.076293 0.083848
0 0.703525 0.854494 0.076293 0.083848
0 0.683539 0.711861 0.076297 0.083848
0 0.683539 0.636459 0.076297 0.083848
0 0.676271 0.559240 0.076293 0.083848
0 0.845246 0.569676 0.076297 0.090180
0 0.852514 0.656447 0.076293 0.083848
0 0.856148 0.743658 0.076297 0.083848
0 0.798920 0.148818 0.076293 0.083848
0 0.635396 0.147729 0.076293 0.083848
0 0.645199 0.226221 0.087180 0.083848
0 0.655023 0.295984 0.082844 0.066391
0 0.664289 0.365754 0.068656 0.068570
0 0.094492 0.702408 0.076297 0.083848
0 0.047254 0.839580 0.059945 0.067480
0 0.118979 0.839121 0.047238 0.055414
0 0.264787 0.822314 0.037246 0.030887
0 0.256156 0.681502 0.047242 0.030887
0 0.127154 0.640621 0.041793 0.038156
0 0.032674 0.699217 0.032707 0.046332
