0 0.146314 0.121342 0.033645 0.031543
0 0.143689 0.155529 0.033645 0.031543
0 0.143689 0.190229 0.033645 0.031543
0 0.126865 0.228080 0.033645 0.031543
0 0.223602 0.262252 0.033648 0.031543
0 0.413916 0.249895 0.033645 0.037320
0 0.153150 0.325852 0.059934 0.068344
0 0.335057 0.378967 0.033645 0.031543
0 0.012336 0.784627 0.024672 0.031543
0 0.063264 0.779174 0.033645 0.031543
0 0.640141 0.929980 0.033648 0.031547
0 0.715996 0.968137 0.043633 0.031547
0 0.986539 0.933615 0.026922 0.031543
0 0.894512 0.868205 0.033648 0.031543
0 0.945387 0.866389 0.033648 0.031543
0 0.946295 0.082379 0.033645 0.032437
0 0.921766 0.106906 0.033648 0.032437
0 0.882703 0.205930 0.033648 0.032438
0 0.858174 0.231367 0.033645 0.032438
0 0.887244 0.807338 0.033645 0.031543
0 0.969008 0.807789 0.033648 0.048797
0 0.991535 0.810063 0.016930 0.031547
0 0.979000 0.488465 0.033648 0.031547
0 0.828193 0.456668 0.033645 0.031547
0 0.801848 0.434865 0.033648 0.031543
0 0.740980 0.413971 0.033648 0.031543
0 0.924492 0.147789 0.033648 0.032438
0 0.945387 0.275422 0.033648 0.032438
0 0.918133 0.300410 0.033648 0.032438
0 0.683748 0.294961 0.033645 0.032437
0 0.749156 0.291328 0.033648 0.032438
0 0.781863 0.289510 0.033648 0.032441
0 0.984268 0.216832 0.031465 0.032437
0 0.986539 0.165051 0.026922 0.032438
