0 0.366563 0.380719 0.033648 0.032437
0 0.364982 0.453270 0.040582 0.032438
0 0.511033 0.591432 0.040582 0.032441
0 0.621439 0.573137 0.040582 0.032437
0 0.679479 0.699313 0.040582 0.032437
0 0.786098 0.645057 0.040586 0.032441
0 0.824580 0.705621 0.040582 0.032438
0 0.854232 0.771863 0.040582 0.032437
0 0.810072 0.847570 0.040582 0.032437
0 0.770326 0.863650 0.040582 0.036840
0 0.733104 0.798359 0.040582 0.032438
0 0.277357 0.589650 0.040582 0.032441
0 0.269158 0.558738 0.040582 0.032438
0 0.269787 0.523408 0.040582 0.032441
0 0.372621 0.488711 0.040586 0.032437
0 0.293770 0.492178 0.039336 0.041895
