0 0.756000 0.771561 0.032203 0.028637
0 0.656002 0.574082 0.049902 0.042898
0 0.385352 0.938486 0.032203 0.028637
0 0.591971 0.551385 0.032199 0.033684
0 0.489768 0.521406 0.032199 0.022969
0 0.483459 0.552016 0.032199 0.022969
0 0.489137 0.579773 0.032203 0.022969
0 0.403336 0.605641 0.032203 0.022969
0 0.749061 0.723924 0.032199 0.028637
0 0.063834 0.249459 0.040582 0.032441
0 0.016689 0.281953 0.033379 0.032438
0 0.018516 0.315176 0.037031 0.032437
0 0.159490 0.255301 0.040582 0.032438
0 0.251494 0.281586 0.040582 0.032437
0 0.252955 0.377242 0.040582 0.032437
0 0.252414 0.438029 0.032203 0.025504
0 0.159125 0.445148 0.032203 0.025500
0 0.015092 0.491447 0.030184 0.030543
0 0.015092 0.543820 0.030184 0.030563
0 0.158555 0.561803 0.032203 0.033684
0 0.162973 0.596178 0.032203 0.033684
0 0.163602 0.628982 0.032203 0.033684
0 0.161078 0.660525 0.032203 0.033684
0 0.250033 0.661158 0.032199 0.033684
0 0.347189 0.744434 0.032199 0.033687
0 0.153508 0.692701 0.032203 0.033684
0 0.013051 0.615406 0.026102 0.029648
0 0.012104 0.653891 0.024207 0.035961
0 0.483145 0.359643 0.032203 0.028637
0 0.403652 0.449857 0.032203 0.028637
0 0.396082 0.350178 0.032203 0.028637
0 0.398605 0.326205 0.032203 0.028637
0 0.396082 0.305385 0.032203 0.028637
0 0.482512 0.314850 0.032203 0.028637
0 0.485668 0.268795 0.032203 0.028637
0 0.660422 0.320527 0.032203 0.028633
0 0.746852 0.319266 0.032203 0.028633
0 0.659160 0.273213 0.059961 0.051348
0 0.536137 0.389293 0.032203 0.039992
0 0.866262 0.269293 0.032203 0.028633
0 0.642090 0.165684 0.032203 0.028633
0 0.832086 0.480717 0.042703 0.044949
0 0.880988 0.476254 0.042703 0.044945
0 0.167535 0.910707 0.026438 0.029070
0 0.348186 0.275145 0.029980 0.022711
0 0.015258 0.724863 0.030516 0.035328
0 0.163602 0.760836 0.032203 0.033688
0 0.171805 0.797428 0.032203 0.033684
0 0.015574 0.795207 0.031148 0.028391
0 0.497340 0.738125 0.032203 0.033688
0 0.487244 0.677561 0.032199 0.033684
0 0.403969 0.668098 0.032203 0.022969
