0 0.299902 0.203062 0.022711 0.022711
0 0.239969 0.221988 0.050469 0.056781
0 0.404645 0.292631 0.050469 0.056777
0 0.353543 0.263609 0.050469 0.056781
0 0.175012 0.309664 0.054242 0.056781
0 0.199275 0.234258 0.034699 0.051164
0 0.178143 0.267064 0.035332 0.029715
0 0.233660 0.333654 0.039117 0.041637
0 0.490744 0.321352 0.025863 0.022078
0 0.356998 0.395166 0.032176 0.039746
0 0.409693 0.498299 0.032176 0.039746
0 0.345973 0.556338 0.032172 0.039746
0 0.316322 0.588514 0.032176 0.039746
0 0.212209 0.547209 0.056777 0.064980
0 0.163648 0.521010 0.056781 0.064980
0 0.110654 0.490729 0.056777 0.064980
0 0.058291 0.467385 0.056777 0.064980
0 0.008957 0.548768 0.017914 0.064980
0 0.046936 0.583467 0.056777 0.064980
0 0.101191 0.609334 0.056781 0.064980
0 0.161756 0.640246 0.056777 0.064984
0 0.628607 0.375275 0.056777 0.064980
0 0.541846 0.468945 0.029652 0.041070
0 0.490443 0.423855 0.029652 0.041070
0 0.581291 0.476219 0.029652 0.041070
0 0.670246 0.391680 0.029648 0.041070
0 0.752260 0.452242 0.029652 0.041070
0 0.708090 0.407449 0.032195 0.041070
0 0.688236 0.475268 0.032824 0.032879
0 0.674031 0.512809 0.032828 0.032875
0 0.666461 0.550029 0.032828 0.032879
0 0.088330 0.979023 0.061855 0.041953
0 0.242260 0.985012 0.032824 0.029977
0 0.260553 0.937254 0.032824 0.032875
0 0.363389 0.978066 0.057051 0.043867
0 0.559467 0.971070 0.032824 0.032875
0 0.551580 0.992723 0.032824 0.014555
0 0.762404 0.893598 0.032824 0.032875
0 0.792322 0.901203 0.032824 0.032875
0 0.820973 0.880920 0.032828 0.032879
0 0.688764 0.853383 0.048254 0.055594
0 0.836395 0.968756 0.041898 0.059230
0 0.838396 0.850529 0.037551 0.027129
0 0.830289 0.815412 0.037547 0.028637
0 0.798598 0.797275 0.037547 0.035996
0 0.766906 0.777365 0.037547 0.030660
0 0.731156 0.753795 0.037547 0.031184
0 0.775043 0.683895 0.031797 0.037852
0 0.802277 0.668777 0.031797 0.037852
0 0.868898 0.692244 0.031797 0.037855
0 0.904480 0.703602 0.031797 0.037852
0 0.955203 0.875453 0.031797 0.037852
0 0.984795 0.681646 0.030410 0.037855
0 0.941180 0.636199 0.035656 0.031797
0 0.938549 0.596098 0.035660 0.031797
0 0.874957 0.499961 0.035656 0.034844
0 0.811344 0.517721 0.036414 0.037098
0 0.790525 0.549895 0.028090 0.025742
0 0.797719 0.391670 0.030359 0.025738
