0 0.641406 0.925430 0.022539 0.028539
0 0.665705 0.928070 0.022535 0.028539
0 0.690178 0.924902 0.022535 0.028539
0 0.726801 0.924197 0.022539 0.028543
0 0.759725 0.916451 0.022535 0.028543
0 0.905115 0.545016 0.025605 0.024086
0 0.887754 0.517258 0.025609 0.024086
0 0.704295 0.408477 0.035090 0.028734
0 0.684789 0.294693 0.031984 0.036363
0 0.819674 0.880531 0.032918 0.035578
0 0.865984 0.830529 0.024125 0.028543
0 0.885000 0.802887 0.031172 0.028539
0 0.990426 0.760633 0.019148 0.028539
0 0.750279 0.290979 0.031980 0.036363
0 0.780947 0.281342 0.031980 0.036363
0 0.815121 0.280904 0.031984 0.036363
0 0.855428 0.227014 0.031980 0.036363
0 0.887410 0.201604 0.031984 0.036363
0 0.898791 0.175318 0.033754 0.036363
0 0.959260 0.248920 0.031980 0.036363
0 0.923768 0.142459 0.037230 0.036363
0 0.922896 0.109600 0.031980 0.036363
0 0.936039 0.020666 0.031984 0.036363
0 0.925285 0.049570 0.037289 0.029789
0 0.139486 0.077594 0.037902 0.031055
0 0.414854 0.244986 0.037902 0.031059
0 0.345109 0.256666 0.056992 0.064988
0 0.224639 0.254844 0.037902 0.031055
0 0.333072 0.377150 0.037902 0.031059
0 0.140154 0.896813 0.015238 0.016000
0 0.819100 0.940039 0.037902 0.031055
0 0.787555 0.984600 0.037906 0.030801
0 0.913270 0.704119 0.033070 0.030121
0 0.912633 0.664131 0.028250 0.028543
