0 0.178975 0.856738 0.037441 0.029023
0 0.988623 0.641895 0.022754 0.038789
0 0.953562 0.645029 0.055172 0.056113
0 0.936154 0.597631 0.055168 0.056113
0 0.907346 0.421010 0.055168 0.056113
0 0.960066 0.352400 0.055172 0.056113
0 0.981047 0.297514 0.037906 0.056113
0 0.674070 0.463225 0.024555 0.031129
0 0.630539 0.290895 0.034469 0.029930
0 0.490895 0.331975 0.034469 0.029934
0 0.523289 0.354787 0.017719 0.017145
0 0.505498 0.366354 0.034473 0.029934
0 0.415441 0.326498 0.017719 0.017145
0 0.413008 0.285426 0.017719 0.017141
0 0.431871 0.294553 0.017719 0.017145
0 0.399621 0.302158 0.017719 0.017145
0 0.380000 0.275076 0.025937 0.029301
0 0.420307 0.310535 0.023121 0.019164
0 0.315936 0.221867 0.017723 0.017141
0 0.086371 0.097830 0.027727 0.037152
0 0.338941 0.236871 0.027727 0.037148
0 0.299930 0.238871 0.027727 0.037148
0 0.214910 0.186354 0.061742 0.062160
