0 0.875297 0.609172 0.068344 0.073602
0 0.784352 0.824176 0.068344 0.073602
0 0.768205 0.294729 0.080965 0.091480
0 0.771377 0.393572 0.080965 0.091480
0 0.617338 0.305773 0.080965 0.091477
0 0.786398 0.567549 0.080961 0.091480
0 0.782238 0.647260 0.074664 0.075715
0 0.781180 0.729270 0.074664 0.075719
0 0.627650 0.575998 0.049473 0.040480
0 0.419475 0.812861 0.074668 0.075715
0 0.420000 0.735053 0.074664 0.075715
0 0.420527 0.659346 0.074664 0.075715
0 0.420527 0.570498 0.080977 0.075715
0 0.413166 0.466928 0.074668 0.075715
0 0.240199 0.573127 0.074664 0.075715
0 0.416842 0.372293 0.079934 0.094633
0 0.241775 0.378605 0.079934 0.094633
0 0.416846 0.262418 0.079934 0.094633
0 0.242828 0.263994 0.079930 0.094637
0 0.417373 0.171465 0.079934 0.094633
0 0.040947 0.170939 0.079934 0.094637
0 0.037564 0.382555 0.075129 0.073094
0 0.037152 0.480598 0.074305 0.073094
0 0.034787 0.571023 0.069574 0.073094
0 0.036627 0.656719 0.073254 0.073094
0 0.038842 0.736105 0.075129 0.073094
0 0.243881 0.729270 0.075129 0.073094
0 0.208656 0.931109 0.083859 0.077469
