0 0.807799 0.602656 0.027082 0.029367
0 0.919666 0.471127 0.026434 0.029371
0 0.858717 0.467648 0.026434 0.029367
0 0.775570 0.520258 0.027078 0.029367
0 0.892311 0.550469 0.027082 0.029367
0 0.902029 0.574979 0.027082 0.029371
0 0.915129 0.602656 0.027078 0.029367
0 0.924848 0.633293 0.027078 0.029367
0 0.748680 0.678713 0.027078 0.029371
0 0.704430 0.605109 0.027078 0.029367
0 0.653170 0.543336 0.027082 0.029367
0 0.600598 0.564805 0.027078 0.029367
0 0.496326 0.607738 0.027082 0.029367
0 0.469602 0.616939 0.027078 0.029371
0 0.442437 0.630520 0.027078 0.029367
0 0.534004 0.764145 0.027078 0.029367
0 0.411332 0.720332 0.027078 0.029367
0 0.481430 0.786488 0.027078 0.029367
0 0.375840 0.815621 0.051602 0.052586
0 0.259512 0.704984 0.044250 0.045562
0 0.796389 0.574766 0.027082 0.029367
0 0.785402 0.548568 0.027078 0.029371
