0 0.377174 0.217674 0.034051 0.030465
0 0.370900 0.267854 0.046598 0.048387
0 0.355668 0.317137 0.055555 0.046594
0 0.338643 0.367316 0.043012 0.043008
0 0.227531 0.363732 0.028672 0.028676
0 0.197961 0.416600 0.044805 0.055559
0 0.240971 0.427354 0.034051 0.034051
0 0.171080 0.526814 0.026879 0.028676
0 0.254412 0.547424 0.025090 0.034051
0 0.283086 0.605668 0.028672 0.028672
0 0.532191 0.621797 0.046594 0.050180
0 0.638822 0.654053 0.044801 0.057348
0 0.637029 0.759789 0.034051 0.039430
0 0.533984 0.728428 0.032258 0.030465
0 0.270541 0.653158 0.057348 0.048387
0 0.364629 0.734699 0.055555 0.046594
0 0.178248 0.734699 0.026879 0.032258
0 0.259789 0.705129 0.028672 0.026883
0 0.232012 0.802799 0.037633 0.025090
0 0.352979 0.787566 0.043012 0.044805
0 0.337746 0.836852 0.044805 0.046594
0 0.102979 0.858355 0.030465 0.028672
0 0.734701 0.676455 0.043012 0.048387
0 0.783088 0.684521 0.025090 0.025090
0 0.807279 0.741867 0.051973 0.046594
0 0.798318 0.790256 0.048387 0.043012
0 0.686312 0.789359 0.046594 0.059141
0 0.890613 0.870004 0.043008 0.037633
0 0.879861 0.921080 0.053762 0.046598
0 0.758893 0.939896 0.048387 0.044801
0 0.593121 0.901365 0.017922 0.021504
0 0.975061 0.537230 0.029121 0.027039
0 0.688549 0.666707 0.042637 0.053039
