0 0.213775 0.157498 0.063684 0.084488
0 0.380971 0.317842 0.063684 0.084488
0 0.454566 0.287863 0.069148 0.084484
0 0.541771 0.259701 0.069152 0.084488
0 0.622625 0.227904 0.069148 0.084488
0 0.708930 0.195201 0.069148 0.084488
0 0.787059 0.167945 0.069148 0.084484
0 0.852467 0.141600 0.069152 0.084488
0 0.976936 0.152500 0.045426 0.043609
0 0.952398 0.209736 0.045422 0.043605
0 0.979914 0.369369 0.040172 0.065887
0 0.861135 0.377627 0.069105 0.067363
0 0.963938 0.432199 0.065156 0.067367
0 0.810053 0.492430 0.040660 0.046148
0 0.730527 0.524066 0.035438 0.044984
0 0.659711 0.548293 0.035438 0.050211
0 0.618500 0.564547 0.035438 0.050211
0 0.579898 0.581383 0.035438 0.050211
0 0.540133 0.597635 0.035437 0.050207
0 0.578736 0.433650 0.035441 0.050207
0 0.639977 0.412172 0.035438 0.050211
0 0.752973 0.388766 0.035438 0.050211
0 0.484219 0.734316 0.068547 0.065703
0 0.169244 0.851744 0.055027 0.048762
0 0.137203 0.963902 0.035438 0.050211
0 0.287312 0.900514 0.035438 0.050207
0 0.181785 0.945627 0.050758 0.062418
0 0.086004 0.980893 0.035437 0.038215
0 0.333812 0.890418 0.042062 0.062758
0 0.415135 0.965402 0.089160 0.069195
