0 0.456779 0.637852 0.060184 0.047547
0 0.947283 0.063783 0.029160 0.025777
0 0.953301 0.029893 0.031367 0.025777
0 0.841836 0.072387 0.032078 0.032742
0 0.666822 0.124107 0.055410 0.059559
0 0.741373 0.155086 0.067918 0.074219
0 0.576094 0.224064 0.055758 0.056770
0 0.313314 0.305371 0.036605 0.032078
0 0.008107 0.408266 0.016215 0.024625
0 0.101516 0.424684 0.036461 0.023852
0 0.119131 0.706764 0.060184 0.054770
0 0.254564 0.677574 0.060184 0.054766
0 0.275025 0.798543 0.060184 0.054766
0 0.475439 0.755211 0.060184 0.047547
0 0.467014 0.702250 0.060184 0.047547
0 0.580453 0.590904 0.041516 0.036707
0 0.510926 0.908951 0.036109 0.027145
0 0.513354 0.936363 0.036113 0.027141
0 0.589184 0.845486 0.036109 0.027145
0 0.592797 0.867754 0.036109 0.027141
0 0.591594 0.897846 0.036109 0.027145
0 0.600018 0.948400 0.036113 0.027145
0 0.598814 0.974279 0.036113 0.027145
0 0.746273 0.768750 0.062609 0.062656
0 0.784781 0.489205 0.036109 0.034348
0 0.553658 0.480143 0.061387 0.059043
0 0.529604 0.414881 0.061387 0.066879
0 0.822678 0.449750 0.060184 0.069273
0 0.880475 0.418182 0.060184 0.069270
0 0.886475 0.569516 0.060184 0.063250
0 0.884365 0.322764 0.040324 0.033160
