0 0.777469 0.186426 0.072797 0.069273
0 0.770539 0.267178 0.082906 0.069270
0 0.935189 0.386416 0.082910 0.069270
0 0.933297 0.479154 0.082906 0.069270
0 0.771793 0.498072 0.082906 0.075598
0 0.770531 0.343516 0.082906 0.069273
0 0.781250 0.416379 0.048828 0.044664
0 0.936451 0.570633 0.082910 0.069273
0 0.941500 0.658955 0.082906 0.069270
0 0.769898 0.574418 0.082906 0.069273
0 0.688199 0.621109 0.057039 0.066766
0 0.940867 0.737186 0.082906 0.069270
0 0.775578 0.732770 0.082906 0.069273
0 0.937080 0.170023 0.072793 0.069273
0 0.777469 0.811629 0.082906 0.069273
0 0.515018 0.643812 0.061449 0.050344
0 0.605869 0.660217 0.061449 0.050340
0 0.509975 0.773145 0.061449 0.050344
0 0.494834 0.826139 0.061449 0.050340
0 0.352887 0.831188 0.061445 0.050344
0 0.474648 0.723938 0.040000 0.050344
0 0.427330 0.718258 0.040004 0.050344
0 0.375598 0.719520 0.040000 0.050344
0 0.320711 0.722043 0.040000 0.050344
0 0.523225 0.577260 0.040004 0.039621
0 0.524486 0.530887 0.040004 0.039625
0 0.520701 0.414805 0.040004 0.039625
0 0.524486 0.358656 0.040004 0.039625
0 0.511875 0.475678 0.063984 0.056668
0 0.552246 0.318279 0.040000 0.039621
0 0.518809 0.265287 0.040000 0.039621
0 0.529844 0.167498 0.049453 0.039621
0 0.394203 0.158973 0.053234 0.075602
0 0.298631 0.157404 0.040004 0.039621
0 0.420285 0.937123 0.071773 0.073934
