0 0.135799 0.830477 0.040004 0.039625
0 0.285295 0.774512 0.040004 0.046133
0 0.019762 0.766922 0.039523 0.039625
0 0.355709 0.857912 0.084051 0.081527
0 0.760123 0.602248 0.075902 0.085293
0 0.668785 0.404377 0.040000 0.039621
0 0.625812 0.420619 0.037828 0.048996
0 0.477402 0.478041 0.040000 0.039621
0 0.474521 0.336117 0.040020 0.046141
0 0.737395 0.330711 0.040000 0.039625
0 0.861621 0.327467 0.067461 0.067801
0 0.759783 0.280879 0.067457 0.067797
0 0.793004 0.209381 0.067461 0.067801
0 0.984357 0.186992 0.031285 0.067797
0 0.938891 0.151604 0.067461 0.067801
0 0.727285 0.138604 0.067461 0.067801
0 0.963063 0.088799 0.045570 0.044777
0 0.871703 0.045105 0.039070 0.041164
0 0.684674 0.067824 0.067457 0.083695
0 0.525066 0.123438 0.067461 0.083695
0 0.438402 0.163160 0.067461 0.083695
0 0.278795 0.225270 0.067457 0.083695
0 0.355352 0.190604 0.080469 0.083699
0 0.109078 0.062051 0.067461 0.083695
