0 0.080355 0.263184 0.074813 0.094078
0 0.151824 0.239174 0.065617 0.082754
0 0.274508 0.249621 0.040047 0.042242
0 0.394443 0.239584 0.065098 0.060621
0 0.414514 0.181908 0.058426 0.060621
0 0.363947 0.291414 0.047574 0.036391
0 0.223514 0.359531 0.047574 0.036391
0 0.310027 0.403834 0.047570 0.036395
0 0.200527 0.415535 0.047570 0.036391
0 0.295178 0.470693 0.079824 0.077777
0 0.164363 0.477191 0.070633 0.064781
0 0.142852 0.535484 0.047570 0.036391
0 0.069279 0.604434 0.043465 0.041000
0 0.028949 0.621988 0.044719 0.046016
0 0.421055 0.710941 0.035469 0.036391
0 0.512264 0.347621 0.047574 0.036391
0 0.407578 0.385877 0.063555 0.073738
0 0.484818 0.401789 0.047574 0.036391
0 0.480520 0.474707 0.075109 0.076625
0 0.637564 0.414402 0.078793 0.083125
0 0.900809 0.339680 0.047570 0.036391
0 0.980037 0.280811 0.039926 0.050098
0 0.837615 0.330268 0.048457 0.060738
0 0.773699 0.298490 0.053516 0.054957
0 0.772256 0.135295 0.047574 0.036395
0 0.578705 0.214738 0.047574 0.036391
0 0.553428 0.134574 0.047574 0.036391
0 0.445820 0.130961 0.047570 0.036391
0 0.502152 0.098461 0.047570 0.036391
0 0.900445 0.198139 0.058570 0.059223
