0 0.624199 0.295324 0.042148 0.036391
0 0.356086 0.434660 0.042148 0.042992
0 0.209840 0.478285 0.042148 0.042992
0 0.375643 0.514395 0.046363 0.042992
0 0.074426 0.545691 0.042148 0.042992
0 0.160488 0.586613 0.042148 0.042992
0 0.138510 0.650102 0.078840 0.077695
0 0.207420 0.681398 0.062590 0.075289
0 0.332002 0.584502 0.075832 0.077699
0 0.312141 0.646520 0.052961 0.051156
0 0.278137 0.774080 0.080047 0.081309
0 0.389789 0.749402 0.042148 0.056852
0 0.062980 0.831283 0.067406 0.076434
0 0.698531 0.637770 0.042148 0.042992
0 0.441836 0.714498 0.082453 0.068066
0 0.459590 0.640473 0.084258 0.078898
0 0.634123 0.625727 0.063793 0.069875
0 0.798725 0.578814 0.092082 0.093887
0 0.923605 0.597139 0.066203 0.066863
0 0.950689 0.442768 0.073426 0.080707
0 0.628707 0.467475 0.052961 0.063793
