0 0.453184 0.542662 0.073750 0.066824
0 0.430441 0.130031 0.042148 0.042992
0 0.708449 0.221836 0.075609 0.084336
0 0.622287 0.258344 0.069770 0.065352
0 0.469605 0.332203 0.059914 0.065352
0 0.428725 0.269574 0.059910 0.065352
0 0.378701 0.223748 0.067207 0.083980
0 0.302766 0.222842 0.067203 0.083980
0 0.228287 0.223572 0.067207 0.083980
0 0.166586 0.263732 0.067203 0.083980
0 0.298750 0.363768 0.067203 0.083980
0 0.171887 0.354826 0.085836 0.071207
0 0.375781 0.425650 0.073750 0.066824
0 0.420326 0.486803 0.073746 0.066824
0 0.297633 0.617857 0.073750 0.066824
0 0.164750 0.645975 0.073750 0.066824
0 0.218375 0.706959 0.073750 0.066824
0 0.334562 0.686455 0.073750 0.066824
0 0.501223 0.600760 0.073750 0.066824
0 0.389238 0.746389 0.073750 0.066824
0 0.257018 0.779252 0.057449 0.055793
0 0.303020 0.845227 0.057453 0.055789
0 0.341930 0.915418 0.064797 0.061586
0 0.647602 0.853148 0.037938 0.042375
0 0.619328 0.811434 0.037937 0.042375
0 0.891016 0.945811 0.037937 0.051191
0 0.934545 0.912055 0.037934 0.054328
0 0.819434 0.920879 0.076336 0.095266
0 0.985410 0.938244 0.029180 0.095262
