0 0.725762 0.174377 0.027695 0.036402
0 0.691074 0.152283 0.034023 0.047145
0 0.551090 0.272459 0.036805 0.036402
0 0.208133 0.335621 0.063656 0.054695
0 0.184555 0.387596 0.063656 0.054699
0 0.282168 0.448699 0.063656 0.054695
0 0.201496 0.475926 0.047242 0.041430
0 0.367418 0.278154 0.059852 0.057832
0 0.336187 0.333346 0.064266 0.052137
0 0.171850 0.529242 0.047246 0.041430
0 0.441236 0.637754 0.047246 0.041430
0 0.483504 0.736172 0.047242 0.041430
0 0.631762 0.625770 0.047242 0.041430
0 0.698004 0.548172 0.047242 0.041430
0 0.639965 0.772133 0.047242 0.041430
0 0.539342 0.688223 0.064285 0.060352
0 0.706211 0.643758 0.023281 0.026938
0 0.761723 0.941840 0.047242 0.041430
0 0.710621 0.961398 0.047242 0.041430
0 0.815980 0.876229 0.047242 0.041434
0 0.901146 0.888844 0.047238 0.050266
0 0.848154 0.247240 0.047246 0.041434
0 0.762033 0.195199 0.025152 0.028195
0 0.550551 0.308238 0.036805 0.036406
0 0.516961 0.331604 0.036805 0.036402
0 0.493961 0.350225 0.036805 0.036402
0 0.480086 0.384178 0.036805 0.036402
0 0.496883 0.414846 0.036805 0.036402
0 0.765270 0.078141 0.036805 0.036406
0 0.908266 0.011662 0.036805 0.023324
0 0.867699 0.011662 0.036805 0.023324
