0 0.088922 0.288180 0.063594 0.062078
0 0.364518 0.281359 0.063590 0.062078
0 0.343320 0.329055 0.063594 0.062078
0 0.311523 0.382049 0.063594 0.062082
0 0.285785 0.447156 0.063594 0.062078
0 0.208563 0.338141 0.063594 0.062078
0 0.262729 0.237873 0.032980 0.027887
0 0.238861 0.285623 0.032980 0.027887
0 0.171043 0.446633 0.037367 0.032250
0 0.204816 0.474746 0.034820 0.033711
0 0.761469 0.939521 0.046672 0.050449
0 0.898234 0.897385 0.046672 0.050449
0 0.727613 0.602865 0.046672 0.050449
0 0.840414 0.268246 0.046672 0.050445
0 0.503740 0.410070 0.032988 0.031891
0 0.494455 0.354852 0.032988 0.031891
0 0.481070 0.386797 0.032984 0.031891
0 0.521229 0.333553 0.032988 0.031887
0 0.552873 0.307082 0.032988 0.031891
0 0.557740 0.274529 0.032988 0.031887
0 0.761584 0.194209 0.032988 0.031887
0 0.792615 0.199686 0.032988 0.031887
0 0.690086 0.153904 0.045766 0.052262
0 0.821787 0.178949 0.032988 0.031891
0 0.730225 0.053650 0.032988 0.031887
0 0.767463 0.077309 0.032988 0.031891
0 0.800111 0.095053 0.037824 0.042840
0 0.828570 0.116301 0.041297 0.031891
0 0.836678 0.149160 0.040863 0.031891
