0 0.208080 0.133203 0.053035 0.061359
0 0.368236 0.209641 0.048879 0.054078
0 0.556992 0.187801 0.037437 0.052000
0 0.652668 0.117604 0.043680 0.050957
0 0.746787 0.040645 0.030160 0.038477
0 0.695826 0.075482 0.048879 0.058238
0 0.723908 0.269959 0.048879 0.058238
0 0.667748 0.332877 0.048879 0.053035
0 0.632910 0.393195 0.062398 0.050961
0 0.162320 0.302719 0.053039 0.061359
0 0.225760 0.328719 0.050957 0.053039
0 0.340678 0.428033 0.058238 0.049918
0 0.622510 0.530992 0.060316 0.060320
0 0.632391 0.610551 0.071758 0.063438
0 0.642270 0.684908 0.068641 0.070715
0 0.794627 0.627711 0.057199 0.054078
0 0.899143 0.515912 0.066559 0.069676
0 0.405676 0.704148 0.061359 0.063437
0 0.810744 0.749908 0.066559 0.057199
0 0.665668 0.779027 0.050961 0.036398
0 0.255918 0.805545 0.061359 0.056160
0 0.426996 0.817504 0.043680 0.036398
0 0.427998 0.890844 0.061129 0.056961
0 0.437549 0.961871 0.067035 0.060086
0 0.687971 0.953881 0.039941 0.032996
0 0.826379 0.876080 0.062516 0.055223
