0 0.136707 0.452148 0.026820 0.024023
0 0.099256 0.396516 0.023770 0.038031
0 0.065518 0.418414 0.034277 0.024023
0 0.148762 0.493770 0.023766 0.024023
0 0.082602 0.042516 0.038234 0.031891
0 0.149639 0.067488 0.032988 0.031891
0 0.219736 0.098594 0.032988 0.031891
0 0.249527 0.101223 0.032984 0.031891
0 0.277127 0.096402 0.032988 0.031891
0 0.299912 0.095527 0.032988 0.031891
0 0.358389 0.162559 0.023770 0.031891
0 0.334959 0.166500 0.023770 0.031891
0 0.292900 0.177016 0.023770 0.031891
0 0.268365 0.187531 0.023770 0.031891
0 0.228936 0.210312 0.023770 0.031891
0 0.207908 0.179645 0.023770 0.031891
0 0.184248 0.179645 0.023770 0.031891
0 0.164096 0.182273 0.023770 0.031891
0 0.109771 0.197598 0.023770 0.024023
0 0.110209 0.216008 0.023770 0.024023
0 0.123789 0.230465 0.023766 0.024023
0 0.196518 0.242732 0.023770 0.024020
0 0.185791 0.271648 0.026816 0.024023
0 0.073182 0.239443 0.027699 0.034980
0 0.163658 0.335174 0.023770 0.024020
0 0.151391 0.355766 0.023766 0.024023
0 0.136494 0.375918 0.023770 0.024023
0 0.134303 0.433312 0.023770 0.024023
0 0.155994 0.514363 0.026832 0.024023
0 0.010664 0.532324 0.021328 0.024023
0 0.069900 0.539334 0.023770 0.024020
0 0.180744 0.569125 0.023770 0.024023
0 0.189068 0.587527 0.023770 0.024023
0 0.078662 0.585336 0.023770 0.024023
0 0.092684 0.612937 0.023766 0.024023
0 0.179865 0.629150 0.029020 0.027520
0 0.107580 0.635281 0.023770 0.024023
0 0.126418 0.659377 0.023766 0.024020
0 0.120508 0.714141 0.028594 0.024023
0 0.010664 0.768691 0.021328 0.029727
0 0.256102 0.828254 0.032719 0.038023
0 0.218422 0.827180 0.032719 0.036734
0 0.138246 0.821039 0.032719 0.038023
0 0.370447 0.824984 0.032723 0.038023
0 0.380086 0.737586 0.032719 0.023578
0 0.143074 0.875367 0.045883 0.038023
0 0.141969 0.925529 0.058562 0.051605
0 0.143070 0.976041 0.062938 0.047918
0 0.390875 0.713170 0.030437 0.031887
0 0.653203 0.781268 0.030438 0.039574
0 0.693189 0.779072 0.043230 0.048691
0 0.685330 0.691264 0.030434 0.039574
0 0.720754 0.734709 0.045023 0.039574
0 0.802891 0.799330 0.030438 0.039574
0 0.888146 0.887867 0.040277 0.042859
0 0.964262 0.836793 0.035711 0.027352
0 0.944035 0.813805 0.035711 0.027352
0 0.978719 0.632176 0.035711 0.027352
0 0.864652 0.689352 0.035711 0.027352
0 0.889613 0.579357 0.035711 0.034887
0 0.929883 0.435973 0.035711 0.031945
0 0.989271 0.402473 0.021457 0.027352
0 0.904043 0.296512 0.035711 0.027352
0 0.848012 0.215687 0.035711 0.027352
0 0.815564 0.195635 0.024027 0.037637
0 0.743398 0.176723 0.035711 0.027352
0 0.711207 0.185121 0.035711 0.027352
