0 0.386279 0.633340 0.039230 0.034797
0 0.498777 0.206961 0.035711 0.027352
0 0.850809 0.083016 0.035711 0.027352
0 0.780609 0.284252 0.036750 0.036707
0 0.217611 0.343531 0.039230 0.034797
0 0.382771 0.358207 0.039230 0.034797
0 0.386717 0.423484 0.039230 0.034797
0 0.226361 0.371787 0.027824 0.026035
0 0.384307 0.461602 0.045801 0.034797
0 0.380582 0.495336 0.039227 0.034797
0 0.282885 0.463793 0.039230 0.034797
0 0.285074 0.532574 0.039227 0.034797
0 0.239072 0.580328 0.039230 0.034797
0 0.226367 0.674086 0.039227 0.034797
0 0.383211 0.679781 0.039227 0.034797
0 0.391535 0.725781 0.039227 0.034797
0 0.387592 0.770031 0.039230 0.034797
0 0.230527 0.710891 0.030898 0.029547
0 0.236881 0.747682 0.039230 0.031277
0 0.235568 0.783176 0.039230 0.031281
0 0.232939 0.819977 0.039230 0.031281
0 0.226367 0.864225 0.039227 0.031277
0 0.384525 0.853266 0.039230 0.032141
0 0.473025 0.890951 0.039230 0.031277
0 0.473463 0.853273 0.039230 0.031281
0 0.471271 0.817348 0.039230 0.031281
0 0.470396 0.744621 0.039230 0.031281
0 0.468871 0.572439 0.047570 0.039176
0 0.467768 0.526441 0.039230 0.031281
0 0.466451 0.410342 0.039230 0.031277
0 0.511139 0.387561 0.039230 0.031277
0 0.619791 0.378799 0.039230 0.031277
0 0.710043 0.345064 0.039227 0.031277
0 0.705662 0.380551 0.039230 0.031281
0 0.711795 0.415600 0.039230 0.031277
0 0.711795 0.526881 0.039230 0.031277
0 0.713986 0.558861 0.039230 0.031277
0 0.711795 0.593473 0.039230 0.031281
0 0.618479 0.589967 0.039230 0.031277
0 0.618479 0.553166 0.039230 0.031277
0 0.713109 0.643416 0.039227 0.031277
0 0.708291 0.681096 0.039230 0.031277
0 0.706100 0.715705 0.039230 0.031277
0 0.702156 0.751631 0.039227 0.031277
0 0.623295 0.715268 0.039230 0.031277
0 0.620668 0.752945 0.039227 0.031281
0 0.622857 0.788432 0.039230 0.031277
0 0.621107 0.859406 0.039230 0.031281
0 0.708291 0.824357 0.039230 0.031277
0 0.708291 0.857654 0.039230 0.031277
0 0.806434 0.867070 0.026977 0.039609
0 0.934357 0.891389 0.039230 0.031277
0 0.952756 0.799822 0.039230 0.031277
0 0.951443 0.760830 0.039230 0.031277
0 0.860752 0.793039 0.039230 0.036109
0 0.946186 0.628959 0.039230 0.031277
0 0.953193 0.571568 0.039230 0.031277
0 0.951004 0.543967 0.039227 0.031277
0 0.859439 0.547471 0.039230 0.031277
0 0.854619 0.516803 0.039230 0.031277
0 0.994391 0.498402 0.011219 0.031281
0 0.950174 0.479646 0.039230 0.031277
0 0.859408 0.417275 0.039230 0.031277
0 0.955498 0.414232 0.039230 0.031277
0 0.942314 0.350088 0.039230 0.031277
