0 0.916189 0.219037 0.058168 0.052840
0 0.934061 0.377021 0.058168 0.052840
0 0.952986 0.314459 0.058168 0.052840
0 0.735332 0.495838 0.058164 0.052840
0 0.780545 0.479537 0.045551 0.049676
0 0.825232 0.465346 0.045551 0.049676
0 0.927752 0.544205 0.045551 0.049676
0 0.873074 0.562080 0.045547 0.049676
0 0.827861 0.580480 0.045551 0.049680
0 0.628072 0.532635 0.048723 0.055980
0 0.581818 0.545256 0.048723 0.055980
0 0.531346 0.383857 0.048723 0.055980
0 0.785279 0.237436 0.032957 0.031277
0 0.796318 0.266092 0.032957 0.031277
0 0.806307 0.296584 0.032957 0.031277
0 0.719561 0.368084 0.032957 0.031277
0 0.702736 0.300791 0.032957 0.031277
0 0.762092 0.604014 0.045551 0.049676
0 0.667533 0.637236 0.045551 0.049676
0 0.622072 0.649467 0.027652 0.037629
0 0.938266 0.265566 0.058164 0.052836
0 0.564939 0.717924 0.045551 0.049676
0 0.862492 0.715367 0.045547 0.049680
0 0.876363 0.767939 0.052117 0.049676
0 0.475576 0.913186 0.045551 0.049676
0 0.522676 0.810891 0.032852 0.028219
0 0.402189 0.790951 0.055621 0.049676
0 0.359037 0.888213 0.045551 0.049676
0 0.253678 0.861275 0.025848 0.024715
0 0.284113 0.767723 0.032461 0.029789
0 0.303828 0.732455 0.030711 0.030230
0 0.214455 0.652955 0.045543 0.061926
0 0.177574 0.625596 0.029578 0.031902
0 0.431473 0.740668 0.053812 0.046117
0 0.435264 0.622424 0.045551 0.049676
0 0.341070 0.577883 0.045547 0.049680
0 0.295068 0.553057 0.045551 0.049676
0 0.249068 0.533533 0.045551 0.056598
0 0.210371 0.518197 0.029492 0.033996
0 0.467758 0.506145 0.045547 0.058070
0 0.409342 0.480957 0.045551 0.055898
0 0.297260 0.427100 0.045551 0.049676
0 0.218764 0.433307 0.045551 0.049676
0 0.161080 0.458498 0.045551 0.049676
0 0.093686 0.591986 0.045551 0.049676
0 0.030217 0.622588 0.030816 0.026465
0 0.039279 0.650885 0.030816 0.026465
0 0.050404 0.678455 0.030816 0.026465
0 0.065400 0.737471 0.030816 0.026465
