0 0.123334 0.050309 0.048723 0.054055
0 0.250385 0.170695 0.035012 0.030953
0 0.266342 0.224434 0.035012 0.030953
0 0.377943 0.152453 0.063176 0.055922
0 0.402168 0.214414 0.055039 0.050391
0 0.435846 0.321811 0.050418 0.050988
0 0.299145 0.320219 0.037648 0.035031
0 0.316551 0.370424 0.037648 0.035035
0 0.331062 0.417152 0.037648 0.035031
0 0.452531 0.376232 0.050719 0.050121
0 0.469225 0.433553 0.057668 0.052738
0 0.487502 0.488260 0.050715 0.050121
0 0.350367 0.468240 0.037078 0.030395
0 0.389832 0.566035 0.015961 0.013930
0 0.396988 0.619576 0.033367 0.033504
0 0.539623 0.653160 0.058645 0.060227
0 0.479328 0.662549 0.050719 0.050121
0 0.459016 0.867736 0.037672 0.028355
0 0.467570 0.906189 0.037672 0.028355
0 0.480340 0.935795 0.037672 0.028355
0 0.588379 0.848225 0.037672 0.028355
0 0.624488 0.944018 0.037672 0.028355
0 0.633016 0.972604 0.037672 0.028355
