0 0.878262 0.321637 0.040672 0.034656
0 0.090699 0.287234 0.068602 0.058766
0 0.206680 0.335484 0.068602 0.058766
0 0.228682 0.279848 0.038699 0.034367
0 0.364133 0.280582 0.068602 0.058766
0 0.410443 0.244898 0.030715 0.036547
0 0.427984 0.342258 0.068602 0.058766
0 0.339463 0.337902 0.068598 0.058766
0 0.183230 0.389512 0.068602 0.058766
0 0.283537 0.446184 0.068598 0.058766
0 0.172428 0.443406 0.040676 0.034656
0 0.429984 0.472766 0.040672 0.034656
0 0.532395 0.423359 0.035180 0.032344
0 0.502654 0.408563 0.040676 0.034656
0 0.517023 0.333682 0.029938 0.034652
0 0.555479 0.273023 0.040676 0.034656
0 0.682076 0.553594 0.040676 0.040313
0 0.711898 0.970924 0.040672 0.034652
0 0.902051 0.883832 0.044727 0.051648
0 0.808109 0.880291 0.056125 0.046051
0 0.829582 0.408852 0.040672 0.034656
0 0.836174 0.263070 0.040676 0.034656
0 0.840951 0.151688 0.040676 0.034656
0 0.724883 0.173521 0.031250 0.034652
0 0.856404 0.074594 0.040676 0.034656
0 0.730107 0.060078 0.040676 0.034656
0 0.909916 0.011930 0.040676 0.023859
0 0.874318 0.009344 0.040676 0.018688
