0 0.801660 0.281496 0.033281 0.037633
0 0.837559 0.282104 0.033281 0.037629
0 0.629609 0.391328 0.040859 0.037633
0 0.334078 0.504951 0.039141 0.039254
0 0.895672 0.579682 0.026234 0.039254
0 0.766686 0.576658 0.031871 0.039254
0 0.682432 0.575650 0.031871 0.039254
0 0.537312 0.572627 0.031867 0.039254
0 0.480475 0.575447 0.031871 0.039254
0 0.252316 0.576859 0.031867 0.039250
0 0.172500 0.571619 0.031867 0.039254
0 0.446602 0.279623 0.033281 0.037629
0 0.481461 0.276102 0.033281 0.037633
0 0.554707 0.296877 0.033281 0.037629
0 0.640410 0.290623 0.033281 0.037629
0 0.678438 0.279063 0.033281 0.037633
0 0.716773 0.279365 0.033281 0.037629
0 0.170518 0.706748 0.031871 0.039254
0 0.209527 0.707443 0.031867 0.039254
0 0.280924 0.700826 0.036043 0.039254
0 0.332123 0.706400 0.031871 0.039254
0 0.370086 0.704658 0.031867 0.039254
0 0.467080 0.701518 0.053809 0.053895
0 0.715586 0.702041 0.039531 0.045879
0 0.760514 0.709186 0.039535 0.045879
0 0.302184 0.012553 0.040672 0.025105
0 0.871088 0.707973 0.024543 0.029523
0 0.986549 0.710926 0.024543 0.029523
0 0.991145 0.837355 0.017711 0.029523
0 0.369727 0.010574 0.040672 0.021148
0 0.486197 0.012020 0.040676 0.024039
0 0.933615 0.006844 0.040676 0.013688
0 0.889670 0.005590 0.019223 0.011180
0 0.856730 0.006691 0.021125 0.013383
0 0.822176 0.003096 0.016578 0.006191
0 0.833773 0.179816 0.040672 0.034656
0 0.792785 0.174533 0.040672 0.034652
0 0.710703 0.176012 0.033281 0.034656
0 0.676156 0.175168 0.033281 0.034656
0 0.640238 0.176434 0.033281 0.034656
0 0.520020 0.176434 0.033281 0.034656
0 0.484949 0.174109 0.033281 0.034656
0 0.447551 0.174533 0.033281 0.034652
0 0.365574 0.176863 0.033281 0.041430
0 0.290148 0.177914 0.033281 0.034656
0 0.289898 0.278996 0.033281 0.037633
0 0.328105 0.276805 0.033281 0.037633
0 0.364551 0.278742 0.033281 0.037633
