0 0.706525 0.683238 0.042988 0.033391
0 0.713371 0.561238 0.042992 0.033391
0 0.615898 0.554469 0.042992 0.033391
0 0.710711 0.491098 0.042992 0.033391
0 0.711436 0.454578 0.042988 0.033391
0 0.617592 0.482633 0.042988 0.033391
0 0.756664 0.410801 0.042992 0.033391
0 0.855457 0.282168 0.042992 0.033391
0 0.859984 0.384914 0.042992 0.033391
0 0.950191 0.382127 0.042992 0.033387
0 0.856852 0.418695 0.042992 0.033391
0 0.818539 0.456660 0.042992 0.033391
0 0.992385 0.394664 0.015230 0.033391
0 0.861031 0.662496 0.042992 0.033391
0 0.861031 0.693844 0.042992 0.033391
0 0.861031 0.726582 0.042992 0.033391
0 0.860332 0.793104 0.042992 0.033387
0 0.944967 0.902812 0.042988 0.033391
0 0.874613 0.896195 0.042992 0.033391
0 0.621938 0.749055 0.042992 0.033391
0 0.470316 0.346934 0.044391 0.033367
0 0.468227 0.528039 0.044391 0.033367
0 0.469621 0.573316 0.044391 0.033367
0 0.383941 0.537445 0.044391 0.033367
0 0.384984 0.498088 0.044391 0.033371
0 0.329779 0.546846 0.035676 0.044512
0 0.473102 0.629738 0.044391 0.033367
0 0.383941 0.679543 0.044391 0.033367
0 0.236273 0.580631 0.027687 0.027098
0 0.228605 0.711238 0.044391 0.033367
0 0.353293 0.725520 0.044391 0.033367
0 0.384289 0.769750 0.044391 0.033367
0 0.468232 0.704621 0.047168 0.033367
0 0.178625 0.172789 0.044391 0.029523
0 0.227902 0.375492 0.030445 0.029523
0 0.236271 0.482414 0.034645 0.029523
0 0.388816 0.422691 0.044391 0.033367
0 0.468227 0.745371 0.044391 0.033367
0 0.476934 0.817117 0.044391 0.033367
0 0.386727 0.813633 0.044391 0.033367
0 0.383594 0.854383 0.044391 0.033367
0 0.477451 0.852643 0.039160 0.031277
0 0.473102 0.886078 0.044391 0.033367
0 0.387074 0.894088 0.044391 0.033371
0 0.230352 0.908373 0.038828 0.029895
0 0.231043 0.818510 0.038828 0.029895
0 0.780004 0.973875 0.038828 0.038266
0 0.706516 0.890631 0.038828 0.029895
0 0.627098 0.894805 0.042992 0.033391
0 0.621648 0.860504 0.042992 0.033391
0 0.620488 0.826258 0.042992 0.033391
0 0.710461 0.823645 0.042992 0.033391
0 0.702914 0.752246 0.042992 0.033391
0 0.622520 0.785625 0.042992 0.033391
0 0.622355 0.716904 0.042992 0.033387
0 0.622066 0.680914 0.042992 0.033391
