0 0.476125 0.807150 0.036117 0.035512
0 0.014529 0.281297 0.029059 0.033391
0 0.014529 0.315082 0.029059 0.033391
0 0.015750 0.424932 0.031500 0.033387
0 0.015613 0.461711 0.031227 0.033391
0 0.015195 0.492639 0.030391 0.033387
0 0.013734 0.543627 0.027469 0.033387
0 0.011645 0.579152 0.023289 0.033391
0 0.012896 0.615512 0.025793 0.033391
0 0.012480 0.652711 0.024961 0.033391
0 0.013107 0.721672 0.026215 0.033391
0 0.013941 0.759285 0.027883 0.033391
0 0.107844 0.766398 0.031500 0.040094
0 0.235316 0.793557 0.031500 0.033387
0 0.249109 0.698266 0.031500 0.033391
0 0.247020 0.663996 0.031500 0.033391
0 0.159668 0.691996 0.031500 0.033391
0 0.247855 0.529000 0.031500 0.033391
0 0.254961 0.472160 0.031500 0.033391
0 0.252453 0.437887 0.031500 0.033391
0 0.160096 0.446664 0.035660 0.033391
0 0.156326 0.411000 0.034840 0.033391
0 0.249943 0.379656 0.034840 0.033391
0 0.303021 0.396789 0.034840 0.033391
0 0.159287 0.314098 0.034840 0.033391
0 0.254482 0.313227 0.034840 0.033391
0 0.240842 0.251115 0.034840 0.033387
0 0.540180 0.389490 0.034844 0.035473
0 0.426496 0.250750 0.025078 0.025492
0 0.486266 0.269336 0.025078 0.025492
0 0.482922 0.314891 0.025078 0.025492
0 0.488773 0.337459 0.025078 0.025496
0 0.396406 0.327012 0.025078 0.025492
0 0.396406 0.349162 0.025078 0.025496
0 0.397242 0.399314 0.025078 0.025496
0 0.348762 0.477471 0.025078 0.025496
0 0.482504 0.547686 0.025078 0.025496
0 0.486684 0.647154 0.025078 0.025496
0 0.487102 0.679336 0.025078 0.025492
0 0.487937 0.704830 0.025078 0.025496
0 0.404766 0.698145 0.025078 0.025492
0 0.404910 0.765529 0.036117 0.035512
0 0.485654 0.770037 0.036113 0.035512
0 0.662527 0.678840 0.036117 0.035516
0 0.659789 0.573717 0.059766 0.052285
0 0.659943 0.472838 0.036113 0.035512
0 0.662047 0.318797 0.036117 0.035516
0 0.947738 0.396053 0.057023 0.055152
0 0.783893 0.461049 0.060340 0.056395
0 0.083951 0.184824 0.042988 0.033391
0 0.014766 0.244729 0.029531 0.033387
