0 0.878377 0.422521 0.057113 0.075184
0 0.948064 0.062697 0.038402 0.032574
0 0.915816 0.544199 0.052945 0.049203
0 0.822225 0.455289 0.057113 0.075188
0 0.740057 0.155766 0.069574 0.075203
0 0.614215 0.085570 0.038367 0.034641
0 0.895539 0.315412 0.047750 0.040895
0 0.122475 0.641693 0.052941 0.051277
0 0.262057 0.738951 0.058723 0.051277
0 0.277041 0.802041 0.052941 0.051277
0 0.421182 0.860529 0.052941 0.051277
0 0.485342 0.817756 0.052941 0.051277
0 0.591170 0.870922 0.030121 0.020078
0 0.590713 0.817832 0.034684 0.025250
0 0.587063 0.843844 0.032859 0.027383
0 0.470070 0.698865 0.037820 0.031480
0 0.389588 0.637797 0.052941 0.051281
0 0.579383 0.647668 0.043578 0.039820
0 0.420797 0.518207 0.062312 0.058523
0 0.553381 0.485438 0.069566 0.067906
0 0.330834 0.356475 0.052941 0.049199
0 0.362551 0.412123 0.052945 0.049199
0 0.602783 0.215568 0.052941 0.049199
0 0.705736 0.298775 0.071652 0.076223
