0 0.254566 0.061016 0.030336 0.045805
0 0.418342 0.130590 0.050215 0.048398
0 0.190223 0.295230 0.036297 0.031977
0 0.237713 0.285291 0.038113 0.046668
0 0.249812 0.383814 0.041570 0.043215
0 0.236893 0.467646 0.032840 0.044941
0 0.306898 0.440855 0.034570 0.032844
0 0.511680 0.560121 0.034656 0.034570
0 0.458529 0.619324 0.033793 0.033703
0 0.507359 0.662105 0.034656 0.036297
0 0.313768 0.720010 0.036387 0.031113
0 0.273146 0.757604 0.036387 0.035434
0 0.701861 0.726059 0.038027 0.039758
0 0.765340 0.615436 0.033789 0.036301
0 0.786945 0.644387 0.042438 0.031977
0 0.801639 0.672475 0.042434 0.032840
0 0.818490 0.705316 0.038113 0.025930
0 0.835344 0.736863 0.033789 0.031977
0 0.853494 0.772297 0.033793 0.028523
0 0.842258 0.842732 0.032062 0.031113
0 0.808551 0.872982 0.030336 0.036301
0 0.770959 0.861314 0.031199 0.033707
0 0.744598 0.830633 0.030336 0.029383
