0 0.055320 0.663752 0.046781 0.037270
0 0.120441 0.643920 0.053727 0.047996
0 0.097436 0.530619 0.038098 0.035246
0 0.104957 0.421195 0.049383 0.042469
0 0.012502 0.410395 0.025004 0.030000
0 0.515336 0.934596 0.035109 0.026902
0 0.598682 0.948301 0.039254 0.030000
0 0.499350 0.856955 0.039254 0.030004
0 0.772400 0.299283 0.057113 0.075184
0 0.761631 0.916779 0.054535 0.042488
0 0.505252 0.883004 0.039254 0.030000
0 0.595904 0.897244 0.039254 0.030004
0 0.702516 0.295699 0.075047 0.089523
0 0.900445 0.106510 0.030109 0.035184
0 0.622615 0.082982 0.062520 0.062066
0 0.599408 0.211545 0.033012 0.040012
0 0.558402 0.228072 0.033008 0.040012
0 0.528398 0.416635 0.067031 0.081004
0 0.555402 0.480400 0.067031 0.054512
0 0.568160 0.542154 0.054539 0.042488
0 0.425863 0.517156 0.054539 0.042484
0 0.662434 0.682947 0.054539 0.048004
0 0.749207 0.768980 0.071039 0.054992
0 0.591389 0.816326 0.039254 0.030004
0 0.468500 0.703268 0.057219 0.052316
0 0.266320 0.738352 0.066734 0.058891
0 0.099549 0.868404 0.059254 0.052676
0 0.118844 0.707021 0.064422 0.057246
