0 0.363041 0.255697 0.023340 0.023340
0 0.966934 0.352891 0.056367 0.047109
0 0.984422 0.305035 0.031156 0.043352
0 0.739141 0.278764 0.032531 0.032051
0 0.006408 0.042857 0.012816 0.035246
0 0.043783 0.072033 0.038098 0.035246
0 0.261346 0.209572 0.038098 0.035246
0 0.220080 0.184363 0.049762 0.052320
0 0.297205 0.219139 0.023340 0.023340
0 0.320111 0.225271 0.023340 0.023340
0 0.331365 0.242361 0.023340 0.023340
0 0.318445 0.266951 0.023344 0.023340
0 0.335951 0.262783 0.023340 0.023340
0 0.373877 0.296127 0.023340 0.023340
0 0.386381 0.274037 0.023340 0.023340
0 0.403053 0.305713 0.023340 0.023340
0 0.419307 0.319049 0.023340 0.023340
0 0.431396 0.300709 0.023340 0.023340
0 0.429311 0.286541 0.023340 0.023340
0 0.413475 0.284873 0.023340 0.023340
0 0.523213 0.354217 0.023340 0.023340
0 0.511404 0.380615 0.023340 0.023340
0 0.479104 0.355607 0.023340 0.023340
0 0.488133 0.337197 0.023344 0.023340
0 0.507932 0.342756 0.023340 0.023340
0 0.646936 0.446924 0.032535 0.032051
0 0.761674 0.523459 0.061652 0.055980
0 0.705514 0.334709 0.032535 0.032051
0 0.932232 0.408904 0.057176 0.052105
