0 0.957291 0.443008 0.073387 0.080859
0 0.308559 0.400963 0.049211 0.044504
0 0.252875 0.427578 0.049211 0.044508
0 0.217893 0.479012 0.049215 0.044508
0 0.363783 0.436514 0.049215 0.044504
0 0.200807 0.538596 0.071121 0.066410
0 0.056453 0.598623 0.058422 0.046270
0 0.032570 0.659514 0.058422 0.046270
0 0.125012 0.698068 0.058422 0.046270
0 0.019062 0.706178 0.038125 0.060715
0 0.100486 0.766627 0.084730 0.069504
0 0.149984 0.649875 0.084727 0.069500
0 0.443520 0.715154 0.084727 0.069504
0 0.284484 0.698068 0.084727 0.069504
0 0.467178 0.641113 0.084730 0.069500
0 0.346260 0.586350 0.084730 0.069504
0 0.316447 0.647023 0.038598 0.039867
0 0.370793 0.510117 0.084727 0.069500
0 0.646514 0.628865 0.084730 0.069504
0 0.248447 0.883262 0.088730 0.085195
0 0.072281 0.832701 0.077391 0.064363
0 0.584436 0.593283 0.084730 0.069504
0 0.716920 0.415365 0.052941 0.039191
0 0.689666 0.323014 0.052941 0.058895
0 0.891801 0.407047 0.052937 0.058891
0 0.760834 0.528172 0.052941 0.058891
0 0.710477 0.499777 0.064281 0.077836
0 0.745682 0.346111 0.065043 0.064176
