0 0.827174 0.453934 0.039012 0.047289
0 0.039465 0.169629 0.074898 0.086133
0 0.126904 0.172652 0.074895 0.086133
0 0.241219 0.215805 0.074898 0.086133
0 0.148859 0.255928 0.074898 0.086137
0 0.392633 0.231703 0.074898 0.086133
0 0.347965 0.299836 0.074898 0.086133
0 0.316174 0.361908 0.067340 0.069465
0 0.285129 0.442164 0.067336 0.069461
0 0.253334 0.502729 0.067340 0.069465
0 0.142045 0.433836 0.067340 0.069461
0 0.354719 0.588215 0.060406 0.058492
0 0.539123 0.360191 0.080035 0.069383
0 0.609982 0.305689 0.080035 0.069379
0 0.628514 0.219566 0.080035 0.069383
0 0.665580 0.148707 0.080035 0.069383
0 0.757154 0.356926 0.080035 0.069383
0 0.781967 0.451836 0.039012 0.047289
0 0.757260 0.604299 0.039012 0.047293
0 0.814297 0.607723 0.064766 0.063570
0 0.904465 0.614545 0.064766 0.067238
0 0.751086 0.740096 0.042047 0.045277
0 0.800937 0.801607 0.047109 0.045277
0 0.889805 0.977555 0.047109 0.044891
0 0.843121 0.975855 0.047109 0.045273
0 0.755428 0.971439 0.047105 0.045277
0 0.709373 0.971439 0.047105 0.045277
0 0.657641 0.961975 0.047109 0.045277
0 0.604326 0.965443 0.033848 0.038332
0 0.568057 0.934217 0.047105 0.045277
0 0.538402 0.887207 0.038273 0.038320
0 0.479102 0.855986 0.047109 0.045277
0 0.361125 0.859771 0.066031 0.075559
0 0.313180 0.837061 0.047109 0.045277
0 0.368111 0.708697 0.077371 0.071770
0 0.487041 0.716266 0.071699 0.062938
0 0.579156 0.638037 0.069188 0.071770
0 0.551057 0.694488 0.039113 0.043594
