0 0.435656 0.323043 0.054508 0.050039
0 0.426574 0.719018 0.037109 0.031168
0 0.408404 0.668295 0.037105 0.031168
0 0.395156 0.618715 0.037109 0.031164
0 0.542412 0.648988 0.039395 0.035695
0 0.522713 0.597129 0.049965 0.051602
0 0.661979 0.007982 0.027012 0.015965
0 0.511520 0.050570 0.029609 0.032492
0 0.399432 0.214107 0.048949 0.052590
0 0.236293 0.117422 0.029609 0.032492
0 0.249375 0.167568 0.029609 0.032496
0 0.267904 0.220986 0.033957 0.032496
0 0.421500 0.266746 0.029609 0.032492
0 0.317752 0.371262 0.045434 0.039477
0 0.330428 0.419223 0.045434 0.039477
0 0.351623 0.469945 0.045434 0.039477
0 0.455342 0.379098 0.045434 0.045539
0 0.493580 0.484332 0.034090 0.030398
