0 0.922484 0.109504 0.037109 0.031164
0 0.140580 0.029748 0.039207 0.031168
0 0.140584 0.187256 0.042816 0.038809
0 0.295342 0.252434 0.037105 0.031164
0 0.345025 0.251635 0.061824 0.070613
0 0.412055 0.242445 0.037109 0.031164
0 0.940268 0.019711 0.037105 0.031164
0 0.925125 0.048586 0.037109 0.031164
0 0.945727 0.082566 0.037109 0.031164
0 0.900301 0.176594 0.037109 0.034672
0 0.747432 0.292455 0.030199 0.030934
0 0.715336 0.287811 0.029836 0.035090
0 0.683242 0.316979 0.030625 0.042160
0 0.649805 0.293131 0.030625 0.042160
0 0.957436 0.458867 0.030621 0.022266
0 0.977859 0.484307 0.030625 0.022270
0 0.143953 0.117852 0.037109 0.031164
0 0.139305 0.151656 0.037109 0.031164
0 0.068316 0.111520 0.032039 0.033289
0 0.819514 0.879377 0.033465 0.036402
0 0.758844 0.916131 0.018063 0.025395
0 0.726639 0.923100 0.020262 0.025840
0 0.641098 0.925748 0.020555 0.022301
0 0.971617 0.803904 0.026750 0.032426
0 0.921031 0.295023 0.037109 0.031164
0 0.857051 0.226738 0.037109 0.031164
0 0.834305 0.255654 0.026656 0.028246
0 0.813457 0.282125 0.028000 0.033992
0 0.781850 0.283957 0.027879 0.035703
0 0.906729 0.544521 0.030621 0.022270
0 0.915332 0.580799 0.033789 0.030199
0 0.915680 0.706068 0.030625 0.028254
0 0.903355 0.739521 0.030625 0.028254
0 0.883285 0.803080 0.030625 0.028254
0 0.910584 0.842430 0.023598 0.025609
0 0.994893 0.806805 0.010215 0.025609
