0 0.506676 0.359377 0.014781 0.019316
0 0.474330 0.357322 0.022277 0.025191
0 0.419816 0.315652 0.014781 0.019320
0 0.121975 0.132010 0.047770 0.059254
0 0.171275 0.155512 0.025051 0.030461
0 0.253129 0.210738 0.027102 0.032961
0 0.292453 0.210537 0.014781 0.019316
0 0.278668 0.234369 0.014781 0.019316
0 0.293047 0.223805 0.014781 0.019320
0 0.307123 0.225338 0.020340 0.022418
0 0.320633 0.258725 0.014781 0.019316
0 0.351660 0.257838 0.025195 0.027551
0 0.375873 0.278529 0.027551 0.032527
0 0.425979 0.283668 0.014777 0.019320
0 0.417027 0.294818 0.014781 0.019316
0 0.549559 0.399748 0.053539 0.065199
0 0.650908 0.458260 0.057301 0.068543
0 0.698557 0.332877 0.034730 0.032598
0 0.660322 0.235920 0.029824 0.030199
0 0.751430 0.252225 0.033156 0.028512
0 0.983445 0.642408 0.033109 0.047473
0 0.931168 0.599441 0.054883 0.065305
0 0.918977 0.411076 0.056625 0.057176
0 0.955258 0.356949 0.054305 0.059789
0 0.978434 0.294980 0.043133 0.063563
0 0.504914 0.343971 0.014781 0.019316
0 0.518414 0.349693 0.014781 0.019316
0 0.406465 0.313307 0.014781 0.019316
0 0.487383 0.335746 0.021094 0.023445
0 0.430379 0.294818 0.014781 0.019316
0 0.500285 0.383137 0.021070 0.021977
