0 0.106012 0.492850 0.055148 0.058629
0 0.045643 0.589209 0.055145 0.058629
0 0.157234 0.515627 0.057172 0.065316
0 0.838740 0.489227 0.032777 0.039211
0 0.876230 0.498605 0.032781 0.041852
0 0.903439 0.526707 0.044066 0.045648
0 0.707543 0.441482 0.034539 0.035395
0 0.687172 0.478033 0.032781 0.029324
0 0.669637 0.513008 0.032781 0.039211
0 0.665506 0.549893 0.034996 0.039215
0 0.807305 0.517242 0.036797 0.039211
0 0.917750 0.566621 0.032781 0.039211
0 0.983457 0.603104 0.032781 0.039215
0 0.903412 0.700170 0.032777 0.039215
0 0.868932 0.691113 0.032777 0.039211
0 0.606012 0.396881 0.034539 0.035395
0 0.598822 0.432240 0.034543 0.035395
0 0.581508 0.476324 0.034539 0.039930
0 0.539986 0.468773 0.034543 0.039930
0 0.772109 0.687631 0.032781 0.039215
0 0.507559 0.450145 0.032773 0.031430
0 0.210207 0.545963 0.057172 0.065316
0 0.263609 0.574986 0.057172 0.065316
0 0.317008 0.582543 0.032781 0.039211
0 0.344006 0.553801 0.032777 0.039211
0 0.364322 0.525355 0.032777 0.039211
0 0.366875 0.974727 0.065859 0.050547
0 0.847686 0.947104 0.032777 0.039215
0 0.553385 0.972527 0.032777 0.039211
0 0.760615 0.897299 0.032777 0.039215
0 0.669836 0.388955 0.034539 0.035395
0 0.725439 0.873439 0.032777 0.043043
0 0.689564 0.854809 0.032777 0.039211
0 0.762002 0.780271 0.038340 0.039918
0 0.321234 0.215082 0.022164 0.028820
0 0.275346 0.351918 0.033918 0.040867
0 0.314918 0.371918 0.033914 0.040867
0 0.355795 0.396346 0.033918 0.040871
0 0.451115 0.273406 0.033918 0.040867
0 0.475938 0.281824 0.026094 0.031586
0 0.501900 0.297789 0.026355 0.021141
0 0.452566 0.209115 0.068523 0.065332
0 0.014111 0.427678 0.028223 0.064145
0 0.048252 0.466424 0.055145 0.058629
0 0.898441 0.162342 0.052977 0.039723
0 0.124789 0.099752 0.054766 0.060184
0 0.061914 0.193654 0.054766 0.060184
0 0.048672 0.348326 0.054766 0.060184
0 0.231029 0.332076 0.054770 0.060184
0 0.243668 0.220736 0.054766 0.060184
0 0.199133 0.235783 0.054766 0.060184
0 0.178953 0.263752 0.040320 0.031895
0 0.281105 0.230070 0.019359 0.028820
0 0.306889 0.249609 0.022160 0.028820
