0 0.529398 0.058857 0.049352 0.058770
0 0.431305 0.110713 0.048484 0.058770
0 0.385934 0.141824 0.044164 0.062227
0 0.562672 0.182012 0.060586 0.061359
0 0.510385 0.215285 0.047621 0.067414
0 0.458098 0.243807 0.055398 0.065684
0 0.404082 0.275352 0.051078 0.061359
0 0.354820 0.303008 0.052805 0.052719
0 0.290000 0.335418 0.051078 0.048398
0 0.238578 0.372146 0.048484 0.061363
0 0.201414 0.317268 0.060586 0.060496
0 0.187154 0.395914 0.051074 0.069141
0 0.462852 0.413631 0.063180 0.061363
0 0.493100 0.463328 0.063176 0.055313
0 0.523779 0.516477 0.072684 0.059633
0 0.554895 0.574383 0.069227 0.059633
0 0.583846 0.631424 0.068363 0.052723
0 0.668975 0.633152 0.050215 0.064820
0 0.693174 0.482340 0.045027 0.039758
0 0.748055 0.448203 0.038977 0.044078
0 0.849605 0.597719 0.062312 0.059633
0 0.948129 0.796064 0.041570 0.051855
0 0.891090 0.822855 0.048484 0.070867
0 0.730338 0.913604 0.058855 0.058770
0 0.645641 0.720441 0.062312 0.059633
0 0.679777 0.784828 0.057992 0.057039
0 0.694902 0.857426 0.057125 0.055312
