0 0.136363 0.452662 0.028484 0.025535
0 0.148777 0.475664 0.028484 0.025531
0 0.076123 0.584463 0.028480 0.025535
0 0.088535 0.611113 0.028484 0.025531
0 0.101680 0.631738 0.028484 0.028086
0 0.125047 0.654561 0.028484 0.025535
0 0.215223 0.611113 0.028484 0.025531
0 0.232020 0.625354 0.028484 0.025535
0 0.258305 0.638131 0.028484 0.025535
0 0.843236 0.213799 0.031395 0.031973
0 0.813713 0.189486 0.031395 0.031973
0 0.742801 0.177330 0.031398 0.031973
0 0.710096 0.179934 0.031395 0.031969
0 0.781582 0.181381 0.039492 0.053387
0 0.649600 0.148973 0.034863 0.034273
0 0.683469 0.117127 0.036031 0.031973
0 0.291162 0.170447 0.023832 0.029949
0 0.216793 0.098854 0.023836 0.029949
0 0.374404 0.118238 0.023832 0.029945
0 0.425152 0.148176 0.023836 0.029945
0 0.397770 0.152922 0.023836 0.029945
0 0.345562 0.158764 0.023836 0.029949
0 0.317449 0.163510 0.023836 0.029949
0 0.267432 0.181033 0.023832 0.029949
0 0.247717 0.194178 0.023832 0.029949
0 0.226176 0.201484 0.023836 0.035781
0 0.203906 0.176287 0.023836 0.029949
0 0.185285 0.174463 0.023836 0.029949
0 0.164840 0.174826 0.023836 0.029949
0 0.143291 0.170451 0.017246 0.027770
0 0.121029 0.171178 0.017246 0.027770
0 0.110244 0.190693 0.027418 0.023004
0 0.105697 0.210973 0.027418 0.023000
0 0.123221 0.227766 0.027418 0.023000
0 0.148045 0.236527 0.027418 0.023000
0 0.192588 0.239449 0.027418 0.023000
0 0.186389 0.268656 0.031059 0.023000
0 0.177805 0.291660 0.035062 0.029570
0 0.158635 0.308086 0.035066 0.029570
0 0.066266 0.357738 0.035063 0.029570
0 0.159729 0.328531 0.035066 0.029570
0 0.153889 0.355549 0.035066 0.029566
0 0.135633 0.374168 0.035063 0.029570
0 0.143305 0.402818 0.028484 0.025535
0 0.130156 0.428201 0.028484 0.025535
0 0.276195 0.660400 0.028484 0.025535
0 0.300656 0.663687 0.028484 0.025531
0 0.325117 0.661498 0.028484 0.025535
0 0.353229 0.665877 0.028480 0.025535
0 0.391562 0.707498 0.028484 0.025535
0 0.378785 0.729404 0.028484 0.025535
0 0.386455 0.753865 0.034316 0.025535
0 0.397025 0.823400 0.029246 0.033223
0 0.368197 0.818852 0.029246 0.033227
0 0.337895 0.823232 0.029242 0.033223
0 0.294814 0.818852 0.029246 0.033227
0 0.254285 0.822145 0.033617 0.043430
0 0.172143 0.820312 0.029246 0.033227
0 0.211740 0.816098 0.052246 0.059508
0 0.134889 0.810803 0.045309 0.051113
0 0.922611 0.989924 0.029246 0.020152
0 0.908002 0.964146 0.032176 0.029207
0 0.927713 0.932932 0.035113 0.029207
0 0.905816 0.913582 0.032172 0.029203
0 0.887561 0.886201 0.032176 0.029207
0 0.867115 0.859912 0.032176 0.029207
0 0.840273 0.842217 0.033984 0.036855
0 0.819654 0.823578 0.032176 0.042000
0 0.797385 0.798213 0.032176 0.042004
0 0.765986 0.790910 0.032176 0.042000
0 0.731303 0.784883 0.032176 0.033594
0 0.690412 0.774855 0.032176 0.040883
0 0.849229 0.760242 0.032176 0.033594
0 0.650748 0.682299 0.032176 0.033598
0 0.684338 0.687219 0.032176 0.037594
0 0.717561 0.677187 0.032176 0.037594
0 0.750055 0.676094 0.032172 0.037594
0 0.787658 0.674268 0.032176 0.037590
0 0.824525 0.661299 0.041652 0.042324
0 0.856297 0.636662 0.032172 0.037590
0 0.958521 0.654918 0.032176 0.037594
0 0.975318 0.625711 0.032176 0.037594
0 0.886115 0.574152 0.029645 0.029352
0 0.901568 0.539609 0.031395 0.029352
0 0.928330 0.393254 0.051074 0.047289
0 0.925725 0.354891 0.031395 0.031969
0 0.913279 0.321758 0.031395 0.031969
0 0.926014 0.283264 0.031395 0.031973
0 0.888098 0.266766 0.031398 0.031969
0 0.990180 0.252293 0.019641 0.031969
0 0.868705 0.241873 0.031395 0.031973
