0 0.333693 0.652402 0.024090 0.029945
0 0.231406 0.635680 0.034922 0.031969
0 0.229365 0.674979 0.038496 0.031973
0 0.538316 0.084551 0.031398 0.031969
0 0.495822 0.198678 0.031402 0.037668
0 0.682455 0.203717 0.031395 0.031973
0 0.281939 0.212006 0.031395 0.031973
0 0.231650 0.374535 0.031395 0.031969
0 0.233936 0.514488 0.033418 0.031969
0 0.240270 0.549730 0.033414 0.031969
0 0.331240 0.751031 0.038496 0.042000
0 0.236619 0.783135 0.038496 0.031973
0 0.236010 0.816602 0.038496 0.031969
0 0.234186 0.863150 0.038496 0.031973
0 0.238141 0.909092 0.038492 0.031973
0 0.333824 0.873037 0.043539 0.055098
0 0.097256 0.972973 0.038496 0.031969
0 0.389752 0.815863 0.043621 0.042195
0 0.383904 0.857117 0.043621 0.042195
0 0.472986 0.747590 0.043621 0.042195
0 0.622676 0.861674 0.043617 0.036004
0 0.624865 0.788846 0.043621 0.036004
0 0.625596 0.897279 0.043621 0.036004
0 0.713949 0.895088 0.043617 0.036004
0 0.711758 0.864055 0.043617 0.036000
0 0.713219 0.824260 0.043617 0.036004
0 0.709566 0.788482 0.043617 0.036004
0 0.707742 0.751607 0.043617 0.036004
0 0.709201 0.716193 0.043621 0.036004
0 0.710662 0.681510 0.043621 0.036004
0 0.526105 0.799613 0.036875 0.039102
0 0.525557 0.881230 0.037238 0.045273
0 0.762686 0.915221 0.030301 0.042426
0 0.863459 0.863107 0.033707 0.036004
0 0.875389 0.896912 0.033707 0.036004
0 0.865068 0.762541 0.033707 0.036004
0 0.862939 0.694998 0.033707 0.036004
0 0.762842 0.572693 0.033707 0.036004
0 0.862025 0.544701 0.033707 0.036004
0 0.715988 0.562652 0.033703 0.036000
0 0.713262 0.525838 0.041602 0.036004
0 0.618631 0.555654 0.033707 0.036004
0 0.477771 0.629791 0.033707 0.036004
0 0.620773 0.484162 0.042125 0.036004
0 0.383932 0.461029 0.045809 0.036004
0 0.468834 0.413713 0.045809 0.036004
0 0.469359 0.345369 0.045805 0.036004
0 0.571352 0.402674 0.045805 0.036004
0 0.716455 0.418971 0.045809 0.036004
0 0.861031 0.449990 0.045805 0.036004
0 0.958293 0.412662 0.045805 0.036004
