0 0.133387 0.687371 0.063219 0.061734
0 0.058439 0.651789 0.063223 0.061734
0 0.077365 0.576842 0.063223 0.061730
0 0.709854 0.037141 0.063223 0.061734
0 0.657996 0.044715 0.063219 0.061734
0 0.830605 0.137078 0.063219 0.061734
0 0.907068 0.176445 0.063223 0.061734
0 0.736355 0.402053 0.041273 0.034488
0 0.783248 0.566332 0.063223 0.061734
0 0.729104 0.513687 0.024473 0.029578
0 0.262844 0.951586 0.063219 0.061734
0 0.207578 0.920545 0.063219 0.061730
0 0.026855 0.809258 0.053711 0.061734
0 0.297668 0.784275 0.063219 0.061730
0 0.238619 0.758535 0.063223 0.061734
0 0.638312 0.012432 0.045805 0.024863
