0 0.648562 0.576869 0.032813 0.041863
0 0.683480 0.576277 0.032813 0.041859
0 0.720309 0.577451 0.032813 0.041863
0 0.764766 0.577305 0.032813 0.041859
0 0.802766 0.577598 0.032813 0.041859
0 0.840328 0.575838 0.032813 0.041863
0 0.894617 0.579652 0.032813 0.041859
0 0.929828 0.580680 0.032813 0.041859
0 0.984008 0.574877 0.019094 0.032902
0 0.985783 0.712965 0.028230 0.029211
0 0.957404 0.712551 0.028230 0.029211
0 0.928264 0.711227 0.028230 0.029211
0 0.895715 0.710098 0.031586 0.034727
0 0.840227 0.710256 0.032906 0.031762
0 0.805277 0.710920 0.030477 0.029215
0 0.759424 0.715783 0.036309 0.046723
0 0.714166 0.707299 0.036309 0.046723
0 0.656113 0.709697 0.056602 0.060176
0 0.667518 0.771955 0.036309 0.034059
0 0.528234 0.699967 0.036313 0.046723
0 0.465264 0.702516 0.054941 0.053313
0 0.408119 0.707635 0.036309 0.046723
0 0.369783 0.709096 0.036309 0.046723
0 0.280709 0.703252 0.031941 0.033574
0 0.329623 0.706174 0.036309 0.046723
0 0.241271 0.703619 0.031941 0.033574
0 0.977338 0.993254 0.031941 0.013492
0 0.913742 0.990508 0.031945 0.018984
0 0.171174 0.708365 0.031941 0.033574
0 0.206588 0.709826 0.031941 0.033574
0 0.172715 0.573563 0.032813 0.039523
0 0.206871 0.574441 0.032813 0.039523
0 0.253000 0.576027 0.032813 0.039523
0 0.291383 0.571098 0.032813 0.039523
0 0.326949 0.573914 0.032813 0.039523
0 0.363746 0.574969 0.032813 0.039523
0 0.400016 0.572152 0.032813 0.039523
0 0.445617 0.576027 0.032813 0.039523
0 0.480656 0.575676 0.032813 0.039523
0 0.536820 0.574090 0.032813 0.039523
0 0.331418 0.278855 0.032813 0.039523
0 0.383734 0.440871 0.032812 0.039523
0 0.328516 0.178555 0.032813 0.035859
0 0.363242 0.178055 0.032813 0.035859
0 0.400258 0.176535 0.032813 0.035859
0 0.448180 0.178949 0.032813 0.038664
0 0.518660 0.174506 0.032813 0.035855
0 0.555426 0.179576 0.032813 0.035855
0 0.503850 0.066164 0.032809 0.035859
0 0.672086 0.178402 0.032813 0.039523
0 0.745160 0.182879 0.032813 0.039523
0 0.735699 0.007213 0.032813 0.014426
0 0.714953 0.280617 0.032813 0.039523
0 0.639242 0.294848 0.032813 0.039523
0 0.515703 0.275188 0.032813 0.039523
0 0.479609 0.277977 0.032813 0.039523
0 0.403898 0.278562 0.032813 0.039523
0 0.365020 0.280031 0.032813 0.039523
