0 0.392066 0.228326 0.074016 0.074848
0 0.346320 0.290889 0.079281 0.074848
0 0.310576 0.366068 0.074012 0.074848
0 0.283238 0.437045 0.074016 0.074848
0 0.130250 0.341885 0.074016 0.074848
0 0.152330 0.258295 0.074012 0.074848
0 0.125518 0.168916 0.074012 0.081152
0 0.649676 0.599496 0.068758 0.082742
0 0.309000 0.189154 0.074016 0.086926
0 0.795256 0.971137 0.036676 0.048914
0 0.898400 0.873293 0.031941 0.033578
0 0.804568 0.861791 0.045082 0.058035
0 0.760029 0.863436 0.045082 0.058035
0 0.715490 0.860326 0.045082 0.035754
0 0.434443 0.984949 0.045082 0.030102
0 0.419547 0.855217 0.045078 0.058035
0 0.308715 0.832443 0.035461 0.047535
0 0.360176 0.857406 0.057773 0.072938
0 0.429393 0.708848 0.045082 0.058039
0 0.487496 0.712270 0.068758 0.082742
0 0.582906 0.636822 0.068758 0.082738
0 0.746410 0.606330 0.068758 0.082738
0 0.717756 0.740129 0.038785 0.048570
0 0.810549 0.744598 0.038785 0.048570
0 0.922006 0.458598 0.038785 0.048570
0 0.733793 0.441250 0.038789 0.048570
0 0.660455 0.518010 0.074012 0.074848
0 0.837363 0.358184 0.074016 0.074852
0 0.356314 0.587404 0.074012 0.074848
0 0.488275 0.426002 0.074012 0.074848
0 0.543746 0.361334 0.078758 0.076941
0 0.617605 0.209400 0.074016 0.074848
0 0.586061 0.275117 0.074012 0.074852
0 0.676488 0.138951 0.074016 0.074848
0 0.448318 0.159455 0.074012 0.074848
