0 0.207131 0.518590 0.046441 0.049852
0 0.409307 0.485961 0.046441 0.049852
0 0.358924 0.449389 0.046441 0.065207
0 0.294521 0.562631 0.046441 0.065207
0 0.339646 0.574898 0.046441 0.065203
0 0.580607 0.546859 0.046441 0.065203
0 0.626381 0.536354 0.026746 0.038934
0 0.620037 0.654197 0.026746 0.038934
0 0.319494 0.694504 0.026746 0.038938
0 0.456398 0.692529 0.058734 0.049004
0 0.429459 0.744010 0.058738 0.049004
0 0.544684 0.772926 0.058734 0.049008
0 0.538988 0.822869 0.058734 0.049004
0 0.384334 0.843900 0.058738 0.049004
0 0.339646 0.940283 0.058738 0.049004
0 0.477650 0.907875 0.029793 0.028039
0 0.359799 0.898664 0.029793 0.028039
0 0.250271 0.862301 0.029793 0.028039
0 0.268234 0.801840 0.029789 0.028039
0 0.591781 0.958463 0.052141 0.053020
0 0.756729 0.817613 0.052137 0.053016
0 0.690572 0.814098 0.035051 0.030711
0 0.693203 0.772488 0.035047 0.030711
0 0.737014 0.771172 0.035051 0.030711
0 0.712369 0.620611 0.045887 0.045676
0 0.824721 0.582494 0.045887 0.045676
0 0.873297 0.562936 0.045891 0.045676
0 0.926922 0.547166 0.045891 0.045676
0 0.726932 0.499217 0.045887 0.045676
0 0.822826 0.468307 0.045887 0.045676
0 0.673627 0.509307 0.051574 0.058301
0 0.873613 0.453795 0.030117 0.045676
0 0.913674 0.426668 0.045887 0.034320
0 0.776143 0.476820 0.045887 0.061453
0 0.948346 0.312771 0.045887 0.045676
0 0.701623 0.304965 0.033613 0.026852
0 0.712725 0.335285 0.033613 0.026852
0 0.722443 0.367188 0.033613 0.026852
0 0.782025 0.347539 0.033613 0.026852
0 0.819209 0.327467 0.033613 0.026855
0 0.793857 0.268732 0.033613 0.026855
0 0.787729 0.238939 0.033613 0.026855
0 0.850682 0.279822 0.027910 0.037418
0 0.928973 0.265666 0.055570 0.045871
0 0.899301 0.167898 0.045852 0.045016
