0 0.036857 0.653115 0.073715 0.072098
0 0.240240 0.651600 0.084832 0.072098
0 0.415121 0.655385 0.071211 0.072098
0 0.413607 0.567566 0.079770 0.077383
0 0.039885 0.571738 0.079770 0.077383
0 0.033318 0.474449 0.066637 0.077383
0 0.780119 0.566566 0.079770 0.077383
0 0.618771 0.385117 0.079770 0.077383
0 0.705463 0.831102 0.076707 0.087258
0 0.785234 0.724859 0.080000 0.087258
0 0.624967 0.701139 0.082902 0.090926
0 0.415092 0.807557 0.067707 0.055434
0 0.247057 0.725793 0.067707 0.055438
0 0.035080 0.808311 0.067707 0.055434
0 0.035605 0.731088 0.071211 0.072098
0 0.780666 0.827635 0.076707 0.087254
0 0.239486 0.572867 0.079770 0.077383
0 0.250084 0.485805 0.079770 0.077383
0 0.037861 0.384359 0.075723 0.077383
0 0.037482 0.269285 0.074965 0.077383
0 0.040381 0.165570 0.079770 0.077383
0 0.236457 0.259445 0.079773 0.077383
0 0.242514 0.371488 0.079770 0.077383
0 0.411338 0.164813 0.079770 0.077383
0 0.410580 0.259445 0.079770 0.077383
0 0.415123 0.463094 0.079770 0.077383
