0 0.886277 0.925031 0.053461 0.047328
0 0.973516 0.730559 0.026172 0.037555
0 0.979432 0.537096 0.029496 0.025809
0 0.380008 0.220760 0.035219 0.031520
0 0.898289 0.874762 0.053461 0.047328
0 0.906291 0.823746 0.053457 0.047328
0 0.922797 0.774230 0.053461 0.047328
0 0.981285 0.973574 0.035398 0.052852
0 0.245437 0.248139 0.055062 0.055809
0 0.372400 0.269422 0.055066 0.055813
0 0.233080 0.303596 0.055066 0.055809
0 0.338754 0.365631 0.055063 0.055809
0 0.197330 0.417154 0.055066 0.055809
0 0.286104 0.440785 0.031777 0.037883
0 0.176236 0.533275 0.055066 0.055809
0 0.259246 0.547516 0.031781 0.037883
0 0.286686 0.604477 0.031777 0.037883
0 0.260635 0.707285 0.031777 0.037883
0 0.143410 0.650312 0.053648 0.058047
0 0.273486 0.654836 0.053652 0.058047
0 0.364492 0.733859 0.046719 0.047984
0 0.244656 0.753129 0.055047 0.047984
0 0.238059 0.802797 0.055047 0.047984
0 0.342605 0.836488 0.055047 0.047984
0 0.511762 0.826367 0.055047 0.047984
0 0.605828 0.907988 0.055047 0.047984
0 0.537383 0.731285 0.042031 0.037273
0 0.537520 0.681648 0.055047 0.047984
0 0.488604 0.608711 0.044043 0.047984
0 0.581088 0.632447 0.028137 0.028309
0 0.642578 0.652713 0.047813 0.061285
0 0.691789 0.662834 0.047813 0.061285
0 0.785564 0.686854 0.022027 0.027785
0 0.810037 0.741410 0.055863 0.048914
0 0.732164 0.843437 0.045469 0.042836
0 0.759848 0.943494 0.056180 0.048012
