0 0.837051 0.753227 0.027313 0.033719
0 0.881473 0.776652 0.027313 0.033719
0 0.988824 0.866102 0.022352 0.033719
0 0.925137 0.851193 0.030039 0.033723
0 0.632123 0.064014 0.023371 0.024785
0 0.897598 0.898959 0.030039 0.033723
0 0.869301 0.945209 0.054383 0.051355
0 0.660994 0.582080 0.023371 0.032402
0 0.663740 0.635951 0.023371 0.032402
0 0.377236 0.316441 0.051191 0.043664
0 0.323885 0.406406 0.051191 0.043664
0 0.295361 0.451129 0.051191 0.043664
0 0.328957 0.135855 0.049664 0.058664
0 0.535074 0.172437 0.059758 0.058664
0 0.556334 0.024863 0.023371 0.036602
0 0.583492 0.041004 0.023367 0.036602
0 0.337707 0.625863 0.033883 0.029523
0 0.359248 0.586027 0.051191 0.043664
0 0.412594 0.506264 0.027313 0.033723
0 0.480523 0.539547 0.027312 0.033719
0 0.512848 0.574197 0.027312 0.033723
0 0.549824 0.568705 0.027313 0.033723
0 0.568203 0.607156 0.027312 0.033719
0 0.746383 0.697252 0.041297 0.044660
