0 0.525031 0.459926 0.039258 0.052617
0 0.445168 0.498463 0.039258 0.052613
0 0.204078 0.916797 0.039258 0.052617
0 0.244031 0.798289 0.039258 0.052617
0 0.022561 0.653430 0.045121 0.057234
0 0.193156 0.801924 0.039258 0.052613
0 0.094551 0.852145 0.039258 0.052617
0 0.629441 0.420434 0.039258 0.052617
0 0.547852 0.310846 0.039258 0.052613
0 0.486242 0.396795 0.039258 0.052613
0 0.563824 0.445221 0.039258 0.052613
0 0.042320 0.860004 0.039258 0.052617
0 0.164537 0.586658 0.082762 0.089027
0 0.483703 0.474631 0.039258 0.052613
0 0.289322 0.212910 0.071043 0.084180
0 0.368191 0.191352 0.079477 0.084180
0 0.448619 0.162434 0.071043 0.084180
0 0.531691 0.122217 0.064742 0.073145
0 0.614752 0.093039 0.071043 0.084180
0 0.690459 0.071482 0.071043 0.084184
0 0.759021 0.035234 0.060707 0.070469
0 0.985270 0.040402 0.029461 0.080805
0 0.856699 0.102949 0.046883 0.038641
0 0.828111 0.159695 0.046887 0.038641
0 0.921211 0.201682 0.046883 0.038637
0 0.947820 0.150869 0.077008 0.067543
0 0.799514 0.209896 0.077004 0.067543
0 0.905084 0.266486 0.077004 0.067543
0 0.767568 0.271963 0.077004 0.067543
0 0.876182 0.332811 0.077004 0.067543
0 0.747791 0.333424 0.051449 0.042605
0 0.647090 0.314395 0.039258 0.052617
0 0.676293 0.405830 0.039258 0.052613
