0 0.148738 0.460303 0.034570 0.035434
0 0.203186 0.513021 0.050129 0.054449
0 0.247264 0.532467 0.044941 0.050129
0 0.294754 0.554072 0.039844 0.060496
0 0.339264 0.582594 0.042434 0.062227
0 0.388094 0.602471 0.043297 0.053582
0 0.032887 0.619756 0.034656 0.036301
0 0.040664 0.649574 0.039844 0.031977
0 0.049738 0.678957 0.035523 0.025063
0 0.065727 0.740318 0.027742 0.026793
0 0.172031 0.627104 0.034656 0.035434
0 0.211354 0.653463 0.035520 0.038027
0 0.325867 0.697539 0.036383 0.032844
0 0.301668 0.730381 0.032930 0.036301
0 0.453344 0.690193 0.052805 0.050988
0 0.427850 0.738592 0.067496 0.049262
0 0.013008 0.948604 0.026016 0.040621
0 0.253703 0.861746 0.023422 0.025930
0 0.267529 0.802545 0.033793 0.026793
0 0.402787 0.797793 0.038113 0.029383
0 0.355684 0.885082 0.066633 0.048398
0 0.337104 0.932615 0.058855 0.050129
0 0.525076 0.811188 0.040707 0.030250
0 0.543227 0.769705 0.044164 0.049262
0 0.562672 0.718279 0.046758 0.058770
0 0.691057 0.771434 0.033707 0.038891
0 0.031590 0.361775 0.051078 0.056176
0 0.212217 0.433510 0.056262 0.052723
0 0.288705 0.428324 0.036387 0.037164
0 0.477111 0.359186 0.055402 0.056176
0 0.486617 0.433941 0.055398 0.050125
0 0.567857 0.468945 0.051941 0.050992
0 0.579525 0.541973 0.047621 0.060500
0 0.664266 0.635744 0.052719 0.049262
0 0.716551 0.618029 0.027656 0.031113
0 0.761449 0.602902 0.048484 0.052719
0 0.627924 0.526416 0.047621 0.065684
0 0.729906 0.494439 0.044164 0.058770
0 0.826701 0.580000 0.042434 0.050125
0 0.876828 0.564012 0.052805 0.057906
0 0.986617 0.568334 0.026766 0.042348
0 0.829293 0.462895 0.051078 0.054445
0 0.913559 0.428756 0.048484 0.043215
0 0.931707 0.374740 0.062312 0.056176
0 0.950723 0.312514 0.050211 0.042348
0 0.807256 0.394186 0.034660 0.029387
0 0.936461 0.264549 0.057992 0.051855
0 0.781760 0.345787 0.032066 0.031113
0 0.724721 0.369123 0.028605 0.029387
0 0.700996 0.302143 0.034570 0.028520
0 0.689328 0.269732 0.044078 0.031113
0 0.784354 0.236461 0.038980 0.030250
0 0.792564 0.263684 0.031199 0.025930
0 0.896705 0.162566 0.049348 0.050125
