0 0.084992 0.267625 0.072281 0.085742
0 0.153070 0.235557 0.072281 0.085746
0 0.276619 0.248412 0.051574 0.042582
0 0.250857 0.303375 0.051574 0.042586
0 0.267154 0.535750 0.075762 0.064664
0 0.368621 0.292336 0.051578 0.042586
0 0.412783 0.179828 0.051574 0.042586
0 0.445904 0.130408 0.051574 0.042582
0 0.503736 0.103070 0.051574 0.042586
0 0.579439 0.218732 0.051574 0.042582
0 0.400689 0.400637 0.051574 0.042586
0 0.341283 0.352508 0.064191 0.064664
0 0.534223 0.283924 0.069461 0.064668
0 0.394908 0.240287 0.064191 0.064668
0 0.297646 0.468982 0.075762 0.064668
0 0.483756 0.476342 0.075762 0.064668
0 0.163584 0.478971 0.075762 0.064668
0 0.051084 0.491592 0.042129 0.052051
0 0.110486 0.593580 0.042129 0.052051
0 0.033203 0.623021 0.042125 0.052051
0 0.425400 0.707139 0.042129 0.052051
0 0.468510 0.692420 0.042129 0.052051
0 0.642121 0.413953 0.080523 0.072047
0 0.662354 0.339307 0.080520 0.072043
0 0.773809 0.296723 0.080523 0.072047
0 0.839527 0.326687 0.080523 0.072047
0 0.846887 0.651594 0.080523 0.072047
0 0.976195 0.281344 0.047609 0.072047
0 0.901518 0.204207 0.058605 0.072047
0 0.837918 0.166730 0.080523 0.072047
0 0.868432 0.099018 0.048762 0.057824
0 0.825801 0.015281 0.053789 0.030562
0 0.021680 0.297326 0.043359 0.085746
