0 0.364928 0.573000 0.033605 0.039797
0 0.329148 0.571176 0.033602 0.039797
0 0.292639 0.568984 0.033605 0.039797
0 0.254305 0.574824 0.033602 0.039797
0 0.207207 0.569715 0.033602 0.039797
0 0.173982 0.567887 0.033605 0.039797
0 0.170658 0.705703 0.033605 0.039797
0 0.208336 0.705266 0.033602 0.039797
0 0.242947 0.701758 0.033605 0.039797
0 0.282377 0.702199 0.033605 0.039797
0 0.330568 0.704828 0.033605 0.039797
0 0.446707 0.572633 0.033602 0.039797
0 0.407238 0.706141 0.033602 0.039797
0 0.467260 0.700662 0.058137 0.056012
0 0.528156 0.770107 0.037984 0.049434
0 0.631326 0.771418 0.040160 0.039797
0 0.713918 0.703072 0.033602 0.048566
0 0.657182 0.705699 0.055949 0.061711
0 0.759037 0.712928 0.036223 0.056012
0 0.804168 0.709207 0.033602 0.039797
0 0.840094 0.705703 0.033602 0.039797
0 0.895742 0.710750 0.025703 0.038500
0 0.929031 0.710961 0.025703 0.038500
0 0.957070 0.712273 0.025703 0.038500
0 0.986422 0.711836 0.025703 0.038500
0 0.948369 0.911418 0.033379 0.038500
0 0.949652 0.987340 0.025703 0.025320
0 0.401070 0.572270 0.033602 0.039797
0 0.716289 0.279316 0.035922 0.031984
0 0.709736 0.175285 0.035926 0.031984
0 0.638764 0.294453 0.035926 0.031984
0 0.555521 0.298395 0.035926 0.031984
0 0.518283 0.277805 0.035926 0.031984
0 0.480604 0.279119 0.035926 0.031980
0 0.557713 0.173537 0.035926 0.039879
0 0.484547 0.175285 0.035922 0.031984
0 0.365381 0.174840 0.035926 0.041633
0 0.326826 0.174848 0.035926 0.031984
0 0.750467 0.457631 0.035926 0.031980
0 0.983566 0.574076 0.020078 0.029207
0 0.957838 0.572635 0.020082 0.029207
0 0.929535 0.576469 0.033602 0.039797
0 0.895043 0.577379 0.033602 0.039797
0 0.842104 0.577746 0.033605 0.039797
0 0.805594 0.576285 0.033602 0.039797
0 0.763973 0.577016 0.033602 0.039797
0 0.720162 0.575191 0.033605 0.039797
0 0.683289 0.575191 0.033602 0.039797
0 0.650430 0.575191 0.033602 0.039797
0 0.537615 0.574094 0.033605 0.039797
0 0.483947 0.575922 0.033605 0.039797
