0 0.398336 0.047148 0.040672 0.048125
0 0.289686 0.182273 0.031559 0.024789
0 0.304594 0.330766 0.032453 0.027156
0 0.255357 0.422012 0.049363 0.042305
0 0.238627 0.465680 0.049363 0.042305
0 0.224900 0.512699 0.028949 0.026477
0 0.113564 0.598891 0.034199 0.025438
0 0.113045 0.644570 0.034199 0.025438
0 0.172729 0.686557 0.030168 0.032746
0 0.252871 0.649502 0.040039 0.046973
0 0.186791 0.811051 0.034199 0.025437
0 0.028021 0.966184 0.021145 0.027477
0 0.054209 0.977635 0.021145 0.027480
0 0.085893 0.988990 0.031105 0.022020
0 0.474828 0.837100 0.045109 0.037754
0 0.603264 0.871807 0.045113 0.037754
0 0.586105 0.915982 0.045109 0.037754
0 0.571982 0.588373 0.028379 0.025598
0 0.716975 0.269141 0.028379 0.025602
0 0.966611 0.032584 0.028379 0.025598
0 0.820889 0.221557 0.045488 0.046707
0 0.916498 0.199787 0.045488 0.046707
0 0.786703 0.321465 0.023781 0.028477
0 0.738582 0.474141 0.031117 0.028477
0 0.822387 0.442445 0.031117 0.028477
0 0.844441 0.464758 0.031117 0.028477
0 0.743281 0.523070 0.031117 0.028477
0 0.881955 0.546385 0.046168 0.039551
0 0.311504 0.139439 0.055898 0.053176
