0 0.896576 0.897955 0.032059 0.033168
0 0.758406 0.503053 0.050219 0.051340
0 0.764514 0.404928 0.033324 0.040012
0 0.373557 0.545605 0.032059 0.033172
0 0.184896 0.388346 0.056145 0.055988
0 0.284029 0.444631 0.056145 0.055988
0 0.210377 0.470998 0.032059 0.033168
0 0.922268 0.103459 0.015379 0.019277
0 0.732760 0.053562 0.031746 0.033531
0 0.765406 0.076375 0.031117 0.028477
0 0.802170 0.096654 0.035348 0.036512
0 0.839113 0.146637 0.040258 0.031398
0 0.856826 0.226959 0.040254 0.031402
0 0.761895 0.191547 0.026367 0.031398
0 0.684318 0.150100 0.033324 0.033941
0 0.722844 0.172010 0.042828 0.049645
0 0.725469 0.361564 0.033320 0.040012
0 0.736117 0.326322 0.033320 0.031395
0 0.729271 0.292096 0.033324 0.031395
0 0.700621 0.384131 0.033320 0.031395
0 0.536631 0.420436 0.033324 0.031395
0 0.368203 0.263100 0.033320 0.031395
0 0.367443 0.299861 0.033324 0.031395
0 0.263492 0.236225 0.033320 0.031395
0 0.238139 0.282871 0.056145 0.052695
0 0.213291 0.333582 0.056145 0.052695
0 0.313945 0.386695 0.056141 0.055984
0 0.619307 0.637080 0.032059 0.033168
0 0.685498 0.688420 0.032059 0.033168
0 0.761803 0.753041 0.032059 0.033168
0 0.822646 0.873615 0.032059 0.033168
