0 0.674430 0.177998 0.032539 0.041199
0 0.482678 0.178854 0.032535 0.041199
0 0.639135 0.289260 0.032535 0.041199
0 0.444887 0.279600 0.032539 0.041199
0 0.401279 0.177170 0.032535 0.041199
0 0.366037 0.178186 0.032535 0.041199
0 0.651055 0.068949 0.035859 0.034383
0 0.837529 0.282053 0.032535 0.041199
0 0.716264 0.281104 0.032535 0.041199
0 0.365023 0.283404 0.032539 0.041199
0 0.329781 0.277572 0.032539 0.041199
0 0.257221 0.176443 0.032535 0.041199
0 0.174611 0.570803 0.032535 0.041199
0 0.208969 0.572514 0.032539 0.041199
0 0.328076 0.573689 0.037285 0.052770
0 0.401408 0.572113 0.037285 0.052766
0 0.368287 0.574217 0.037285 0.052770
0 0.447674 0.574217 0.037285 0.052770
0 0.483424 0.578947 0.037285 0.052770
0 0.537049 0.574217 0.037285 0.052770
0 0.650080 0.578422 0.037285 0.052766
0 0.720697 0.576176 0.034074 0.041477
0 0.766320 0.575805 0.034070 0.041477
0 0.840344 0.576471 0.028062 0.034012
0 0.929754 0.519748 0.034164 0.034262
0 0.985016 0.575904 0.028063 0.034012
0 0.960422 0.574891 0.028062 0.034008
0 0.893996 0.579201 0.028063 0.034012
0 0.985611 0.710561 0.027895 0.031066
0 0.896113 0.709096 0.024805 0.031066
0 0.714701 0.702639 0.027895 0.031066
0 0.758547 0.779307 0.034937 0.048848
0 0.527531 0.697396 0.034938 0.048848
0 0.467572 0.703348 0.055480 0.049117
0 0.407863 0.706904 0.034937 0.037441
0 0.369070 0.708045 0.034937 0.037441
0 0.281344 0.703328 0.034938 0.037438
0 0.243488 0.704736 0.034937 0.037441
0 0.208449 0.708258 0.034937 0.037437
0 0.172004 0.706674 0.034937 0.037441
0 0.635684 0.985594 0.034937 0.028813
