0 0.961885 0.161285 0.025738 0.032156
0 0.585043 0.916988 0.048742 0.040383
0 0.477000 0.837379 0.048742 0.040383
0 0.114232 0.644713 0.038699 0.027004
0 0.173570 0.688602 0.048719 0.047047
0 0.214115 0.671875 0.048723 0.047047
0 0.255910 0.650977 0.048719 0.047047
0 0.142229 0.569480 0.048723 0.047047
0 0.182352 0.546492 0.048719 0.047047
0 0.219965 0.506787 0.048719 0.047043
0 0.192166 0.434701 0.033246 0.036613
0 0.256744 0.421109 0.048723 0.047047
0 0.304061 0.329488 0.029535 0.025633
0 0.821602 0.017555 0.026453 0.026594
0 0.787654 0.097961 0.047504 0.042328
0 0.748107 0.188297 0.025738 0.032156
0 0.783418 0.203297 0.025742 0.032156
0 0.709045 0.287133 0.025738 0.032156
0 0.831662 0.456480 0.025738 0.025086
0 0.835289 0.498713 0.025742 0.025090
0 0.742480 0.474324 0.029180 0.025086
0 0.631137 0.469070 0.050852 0.043141
0 0.570621 0.588459 0.029180 0.025090
0 0.689391 0.661463 0.029180 0.025090
