0 0.304090 0.401270 0.053227 0.042852
0 0.250621 0.428957 0.053227 0.042852
0 0.213004 0.480504 0.053227 0.042852
0 0.357553 0.435234 0.043488 0.048438
0 0.377047 0.516725 0.043492 0.048441
0 0.332639 0.583773 0.073785 0.063406
0 0.196986 0.539711 0.073785 0.063406
0 0.167551 0.591088 0.042086 0.038684
0 0.076480 0.548768 0.047664 0.038684
0 0.054891 0.605537 0.051156 0.038684
0 0.142475 0.652373 0.067527 0.064824
0 0.199771 0.701840 0.034441 0.043211
0 0.099273 0.765230 0.075578 0.072094
0 0.065316 0.836107 0.075227 0.068262
0 0.220320 0.991619 0.051156 0.016762
0 0.268041 0.986744 0.040715 0.026512
0 0.280637 0.777711 0.073164 0.067117
0 0.438490 0.717133 0.078566 0.073375
0 0.461973 0.639295 0.068953 0.067480
0 0.571066 0.595385 0.064578 0.070168
0 0.635270 0.630830 0.063875 0.071832
0 0.645508 0.952266 0.084570 0.070773
0 0.798160 0.576512 0.079445 0.092680
0 0.703951 0.500080 0.045660 0.060949
0 0.632203 0.468734 0.069344 0.067914
0 0.666865 0.400986 0.051152 0.038684
0 0.623479 0.300184 0.050504 0.065164
0 0.879469 0.409021 0.050500 0.059941
0 0.955918 0.439496 0.038312 0.047750
