0 0.666129 0.831621 0.024852 0.029180
0 0.617750 0.988004 0.032156 0.023992
0 0.018594 0.938504 0.037187 0.054117
0 0.099904 0.848135 0.041285 0.044395
0 0.080436 0.770859 0.034598 0.029180
0 0.150402 0.711225 0.060133 0.052918
0 0.251662 0.528184 0.050824 0.048633
0 0.273410 0.480123 0.051273 0.045871
0 0.543727 0.486137 0.024852 0.029180
0 0.844652 0.221973 0.024852 0.029180
0 0.863197 0.676840 0.027902 0.031945
0 0.543514 0.759980 0.043098 0.042883
0 0.564811 0.711908 0.043098 0.042887
0 0.587332 0.668402 0.047945 0.042883
0 0.623215 0.575006 0.043094 0.042887
0 0.758486 0.552742 0.048184 0.042828
0 0.396271 0.025855 0.041207 0.044602
0 0.602893 0.114453 0.041207 0.044602
0 0.346795 0.138291 0.051637 0.044605
0 0.931166 0.513285 0.027902 0.031945
0 0.907564 0.569848 0.027902 0.031945
0 0.886268 0.622836 0.027902 0.031945
