0 0.791672 0.632037 0.068578 0.055863
0 0.110764 0.627441 0.037621 0.040148
0 0.229047 0.579986 0.058781 0.059113
0 0.369246 0.492234 0.067289 0.061578
0 0.384701 0.567621 0.061613 0.059695
0 0.398264 0.643637 0.067301 0.059695
0 0.255994 0.808297 0.061613 0.059695
0 0.415607 0.769184 0.061613 0.059695
0 0.401727 0.711141 0.061609 0.059695
0 0.425701 0.894727 0.061613 0.059695
0 0.824936 0.881781 0.061613 0.059695
0 0.674570 0.877059 0.048984 0.034477
0 0.661697 0.782221 0.040191 0.039598
0 0.640516 0.687936 0.068578 0.073973
0 0.619965 0.544965 0.068578 0.073977
0 0.624492 0.612186 0.068578 0.055863
0 0.614953 0.459119 0.068578 0.055863
0 0.637102 0.395174 0.068578 0.055863
0 0.721527 0.269791 0.068578 0.055863
0 0.745354 0.044102 0.035152 0.045000
0 0.224162 0.333180 0.047855 0.055477
0 0.296619 0.376996 0.037621 0.040148
0 0.650895 0.117660 0.035148 0.045000
0 0.555186 0.186203 0.035152 0.045000
0 0.691439 0.077541 0.046027 0.055863
