0 0.496408 0.467918 0.059832 0.048336
0 0.462338 0.417359 0.059832 0.043313
0 0.747643 0.453463 0.046027 0.055863
0 0.563479 0.187693 0.046027 0.055863
0 0.479703 0.088752 0.046023 0.055863
0 0.521902 0.517658 0.059836 0.048340
0 0.556174 0.576588 0.059832 0.048340
0 0.949510 0.798541 0.059832 0.048340
0 0.676123 0.790156 0.059832 0.048336
0 0.645195 0.727883 0.059836 0.048336
0 0.455854 0.246826 0.046027 0.055863
0 0.190463 0.403553 0.046027 0.055863
0 0.731213 0.915996 0.059832 0.048336
0 0.241311 0.372557 0.046027 0.055863
0 0.362863 0.227322 0.049508 0.055863
0 0.587102 0.627160 0.059836 0.048336
0 0.286240 0.341908 0.046027 0.055863
0 0.617611 0.678566 0.059832 0.048336
0 0.350840 0.303248 0.049805 0.060637
